1000
2676
11707
22351
26507
31326
30717
6861
25993
6464
31244
31938
31358
20514
351
15134
14764
15892
26197
27666
17037
7795
26988
13941
10160
25705
28851
26983
14276
12211
14722
14132
23795
32423
21096
6011
1649
16757
29029
5263
20564
12973
31321
2077
23974
6401
18877
2831
6328
22093
6033
7345
19898
26580
1685
17682
21385
15308
13244
13998
14024
30
23006
13129
6962
20071
23981
14366
18222
22850
21994
13625
3492
32457
25561
21538
2576
25689
28658
4539
25301
32662
7897
12139
1491
12463
4752
16252
4923
20964
19436
20674
27298
24645
16453
32126
3669
8636
30578
24961
20717
27725
17908
15253
291
29341
30578
15896
2021
14769
32102
21226
11433
7161
30229
22154
29697
32141
8132
3707
19567
5558
3113
24301
32123
29104
10272
921
3332
5294
27551
20461
3796
22815
17900
14953
4727
30512
6669
14153
9036
21650
24449
9828
3804
381
15149
22612
25963
1781
9369
28375
26829
27212
27484
7285
23931
2536
12501
1891
29158
14150
10780
21416
12299
12863
15928
6270
11592
27018
21651
17659
27758
9347
26539
14320
9751
31274
12297
3858
27450
14703
31607
29015
22012
9901
1134
22691
15561
12916
24014
7844
7076
3467
18129
20730
10171
15925
31554
4252
16703
6836
21482
119
14194
19724
19276
1880
4866
17417
14994
26891
23189
13699
25286
31429
1445
5601
5701
30399
4494
10460
5745
13092
27877
3974
31143
16429
11532
30602
11633
12682
16899
20405
26876
5893
7297
9653
9164
26722
31300
4385
25774
26761
19621
20410
31982
17383
28015
30449
971
28177
5617
24233
9768
682
19538
10557
7812
11656
15141
3269
26924
24082
10045
16789
2223
18924
30659
14855
28307
727
1157
1915
23622
9170
7825
4251
20567
22917
1795
31972
21478
18912
18459
31074
15450
7936
9363
15034
13650
14674
4399
24686
9949
19706
27797
7517
19437
28278
26975
18825
3337
21118
24175
16669
29507
17711
29058
13487
18282
7273
20488
20162
12672
10614
27188
21135
27758
28140
25679
6149
25079
6100
12881
2318
17131
2315
4530
1044
28573
28137
21886
18372
17558
10017
14504
19473
8075
2792
10912
11388
12429
16730
18983
1939
27520
16409
611
30648
11726
10551
32302
2340
27741
4438
26036
20780
32190
28941
6717
2754
21671
17806
25671
23614
16035
9350
18392
10847
31496
18245
29458
7308
15913
20767
31496
13920
29902
21778
23248
10854
23521
24233
26842
18977
16490
543
13951
14160
31678
14280
3549
14959
32754
1709
483
25217
2198
17014
17576
21005
17312
24718
14337
23911
1703
10369
27730
24112
25682
17321
420
24608
13839
28681
7928
2819
28168
23161
29659
28162
17747
25604
30779
4132
6760
22158
24185
27157
5081
19641
27583
11557
23357
20746
10900
31635
1133
30792
11182
30220
29940
31525
18695
17007
24512
4897
7987
28627
10526
7850
12528
23499
18149
20616
26879
31977
28912
28280
28210
13952
13778
25367
32199
6574
18374
9986
16372
14234
5605
17724
19139
26875
1436
32464
18208
11994
24668
20919
27696
4248
18835
26363
17637
6962
20700
11293
29648
26052
29810
7093
26934
16204
10219
31064
16229
27057
13091
1214
12616
1540
32118
26660
24378
5637
6450
26096
22040
14057
9035
2452
3226
31066
19281
24500
19171
31424
6048
31115
12374
9151
14807
16267
19372
12288
1931
22339
31043
25397
27452
8326
31673
3927
24967
3530
698
20530
22174
23502
5142
8228
30710
27776
2839
10786
20031
18717
8721
31995
13209
3994
14906
993
31237
20291
21948
26661
22041
6306
30729
16450
25081
17570
24687
12317
19586
14068
21228
24203
2248
8114
25411
25620
4547
66
30287
5879
5701
30590
28056
22637
8495
6417
12580
18226
4581
21540
2960
31554
30975
11579
3167
12000
11586
20313
25745
30941
11470
14443
29047
31767
7832
1251
27079
12352
2075
7844
24812
10209
2891
21278
5279
30622
16587
5306
14523
8891
607
27512
13645
12511
14756
22742
2795
20760
1791
13045
20808
11808
21715
15095
1029
22495
10999
29355
4553
26160
22119
30060
24979
14568
14649
22598
16975
30997
22227
21851
30888
16259
28764
18053
24350
1157
17776
13117
19544
15601
19736
30140
13243
18541
31481
15199
13371
5353
25803
25680
2417
7021
23565
1635
4846
6677
20471
5950
26064
12122
2993
445
7315
14994
9410
10901
22825
9658
11723
10295
11596
31860
373
12791
23827
29772
14760
2669
12227
19007
9982
26907
17128
6526
23671
10065
5029
3951
9070
13390
12873
8437
27595
5288
21538
9457
3195
28910
14230
30729
26653
30603
3695
3496
18942
5613
25207
4677
3912
19687
10309
745
28790
9300
29782
24043
32523
510
1632
20734
11140
26558
7906
2159
26507
23780
21248
935
14445
1752
21134
4855
19918
13570
21611
25237
28828
25576
7440
14049
24129
31638
21352
15853
25629
19779
6115
6717
20275
5169
4550
2763
1058
32213
26309
21582
21336
32056
20691
20412
23938
28061
17977
16910
7238
18532
26597
24899
25397
29230
10757
10919
27899
25410
27349
28245
18649
12080
27573
13307
15446
12212
24703
23773
27953
22236
2327
10013
26521
27757
2372
30265
21664
14980
29374
1237
29934
28025
13704
25531
13234
11016
27263
27168
26079
9395
11316
31529
2452
10594
29175
17581
6619
31309
8500
23357
19095
26395
18691
22369
16568
30027
15354
22565
6833
5844
31813
3796
23852
13320
11769
14340
6140
3262
934
9682
22355
13488
22828
16239
13621
12066
28879
6620
7980
28101
1677
3569
9278
14042
11694
28580
24348
13978
11422
19080
20636
16342
19192
18324
15977
32731
17891
8230
27129
10648
24225
16967
13248
23555
14181
2609
32420
18360
29285
13583
26544
22499
18225
28931
9740
25185
579
11885
10029
8994
8919
5739
15177
1746
2813
19100
26126
2232
30188
21034
10131
10206
10393
22535
20879
14194
4232
7798
15561
3692
17634
19406
29391
23153
7625
29818
8171
6647
21992
1605
24915
427
27214
30933
17312
20751
11388
26484
1409
23144
15036
30743
29361
16855
21173
13208
27430
14278
12861
13127
27276
12933
31342
18337
9201
27445
18684
31839
1474
8678
31685
7603
14838
27900
21162
8910
30345
6103
25502
8613
12844
21683
5372
12277
4411
17868
4638
21892
7919
8646
28203
29611
9941
30541
26928
17937
17022
21497
2931
24761
28536
21108
2820
20287
16766
21470
12180
