10000
10521
6849
17438
22839
459
15904
24030
23454
31205
3375
10977
9544
27914
7311
13969
30730
10643
1481
26276
19406
3215
9023
5955
2603
7944
18531
17004
10297
6281
18982
13973
4771
27356
27572
8338
8189
15128
862
27832
32088
27612
27607
17219
18708
7381
5540
9205
20470
17286
19662
25856
8314
16712
1754
6438
26731
6799
19706
8479
20656
13168
5765
27707
19305
13664
10149
11336
2107
575
18512
182
743
22677
26489
23801
24610
3355
32391
11823
3233
32125
18694
1027
21107
8286
9372
16593
22675
22172
11583
5387
16574
25046
27046
18907
22402
9260
7165
7945
2712
3398
2781
16416
6515
22680
22139
5324
13337
228
11808
28807
31794
3328
31193
25972
7262
6617
19567
16011
27084
17848
12697
25847
17417
24772
11377
13500
10005
1737
31269
1181
9148
1591
27887
25917
12835
14446
29511
23428
4770
12088
8023
6724
12497
23447
17071
32541
15590
4546
29242
22174
28478
3690
1648
11180
10809
24897
27598
9768
28235
24765
22403
15564
21584
2841
13421
15958
544
30878
23619
30185
19812
17184
28948
28336
168
1739
27376
6852
30385
24608
11749
24912
16
2874
15405
22515
18167
2134
22693
11109
9548
27026
11649
31582
8444
11765
19262
11699
658
19888
5081
31938
14856
23459
26175
17681
1500
24611
7684
22066
4199
20731
15191
19178
30571
19120
18230
11410
29163
28426
18398
26044
2111
3279
22918
18458
4711
29906
16204
10652
28832
8236
112
23769
12853
3018
26048
2224
7832
27944
27475
9007
21681
9307
31354
5043
29814
3925
32756
16465
1724
8805
12897
2677
5964
27133
7417
32457
13626
22968
17022
15449
19826
3227
27759
22260
5012
23196
31359
14549
27906
26464
17990
18307
4663
3657
28469
20469
23130
20400
8911
32250
25874
9071
13590
25304
5789
21667
7492
20275
6684
19120
10940
1073
24113
25477
1600
32732
16332
17185
21348
26824
22338
15445
1603
23797
7072
14028
16752
10230
20542
13898
20528
9299
28823
26417
4326
19501
3671
21577
25550
15648
21942
10688
29166
13166
11269
10608
24650
16473
7302
13409
17240
16336
1921
3471
26291
20814
18324
14829
15635
22528
16715
8617
3197
17958
4337
22194
10935
14267
19109
9336
24063
8280
176
19699
13820
4182
1045
5862
28917
21811
4970
4453
16705
31030
27623
12437
1791
26198
28861
10163
20999
12377
23720
9303
16416
19001
12744
20218
2931
10955
23469
13494
23871
9378
14257
32334
14543
30002
30602
6254
4777
20273
4639
12596
26633
25667
13979
12014
27277
12757
30144
1062
5170
5449
5503
1244
14207
27476
17093
8466
24576
16037
5527
10382
5878
18888
7009
31707
24653
20553
23435
20113
974
4892
2638
24278
30358
25660
24006
17957
30919
7571
14664
18254
15229
32538
8949
15806
8964
14401
14223
4609
31048
8337
4236
22405
9356
25488
20585
30625
13919
9189
18753
3541
26316
22972
29086
22868
20434
28780
7055
26559
32020
26455
8699
23860
9168
31250
52
32135
5909
5063
1999
23247
19505
4567
10420
19749
873
6595
32625
6056
26862
1612
7636
24261
16908
12249
16824
21429
31395
5146
28191
14662
9947
8427
6785
9695
19732
9851
27748
9918
3100
13485
12077
10373
29093
26558
32310
18677
5366
26665
21792
30201
18912
8647
31339
32230
32756
30267
30787
29953
8691
28301
6045
5186
2438
12309
4483
30039
23343
14491
27308
20460
24192
9660
11600
7210
9867
2959
30010
15997
7833
7817
543
8347
20255
13470
17454
23490
28397
25001
5864
22592
5289
13070
7730
1593
7292
20126
31145
5029
5643
30907
16949
17304
20137
17852
1505
19142
19402
31379
13802
21830
18875
24748
15125
6550
4753
4377
9286
7392
16736
31469
9039
3195
17837
10469
19462
20661
15141
2638
18842
15568
27023
17186
32295
74
255
18293
16519
15714
26188
17935
11372
26839
9157
9819
14507
22259
21024
7552
2011
6600
3507
7885
10015
5306
19431
11098
12096
26941
9449
17644
31743
8416
26018
2074
28073
14475
32234
12718
26859
28932
7928
4942
2280
2232
7709
15196
14217
17081
28595
21530
8212
24323
20048
32274
12289
26627
25151
10677
6665
31066
32048
13378
3967
25566
15918
19433
9187
21217
12754
24369
3765
22199
17078
7063
16263
30834
3629
16247
30806
15088
28977
17200
25114
11544
24989
7556
20380
29024
26525
10045
8840
24210
19298
25110
1731
7633
19226
9944
30718
27095
27935
32452
17804
21376
17006
11313
2160
12172
11612
9846
16315
4512
132
3338
1813
30863
2564
21994
7065
4056
24297
15163
8934
10864
31463
11313
26738
23233
2126
17711
1314
19442
25657
4912
9496
16489
13064
9829
24525
22926
6417
14367
22111
3282
27539
26608
3116
27121
28139
21517
11679
5747
28427
4343
14666
8825
23335
17499
16181
6838
5553
26422
10870
31676
12168
29500
18690
27257
19821
32635
1475
22017
21174
4156
2283
26254
9286
7722
12935
24004
6076
6326
9047
19514
25323
26553
18397
16439
8075
12379
6580
20921
14125
24885
2851
12220
19317
18866
20722
4792
28291
16571
32380
14444
16306
7827
10246
19674
16517
3583
32591
25747
30174
30891
7784
27700
10609
4809
29894
12593
24441
18939
2710
26577
21673
7027
3664
21114
6246
5464
24719
28207
5939
1900
4640
18519
10605
9965
2137
25024
31288
10681
15276
17123
23225
7349
17532
9578
21894
31086
10798
22255
5722
16129
10372
14599
31246
4665
24358
639
23236
10488
8066
9701
27750
1240
19670
330
15695
16657
651
15175
12103
30622
29893
28990
31925
411
16184
6882
7696
5874
5693
18170
9111
4406
3621
5474
22338
21967
27853
4690
15096
11096
14706
22242
14082
32325
32455
4814
3264
22729
29509
25463
24986
4599
31683
7211
30266
30759
15430
25510
24056
31387
11034
19161
19094
5730
23074
16618
16430
2685
27244
2171
17768
5953
24072
4655
25584
19708
15387
24682
3368
11739
15151
22617
14106
9995
26061
9267
17840
9503
27982
2750
5159
18354
7918
24596
12993
30797
12066
29607
11450
26763
20268
8067
27262
15226
16620
23763
1049
24133
23801
423
6127
21520
16112
3060
31149
31012
3084
7644
19839
332
2039
3888
25476
13694
27616
14388
26495
13502
13262
22946
14543
15424
22068
17905
32417
15053
6597
12246
19556
13159
32137
16908
27261
13104
26417
25681
5948
24200
2984
20913
21519
22902
17898
25606
4854
3913
20505
14528
22583
7551
4814
4834
9299
26085
32429
7757
14904
3072
9276
30785
5560
25004
32245
8481
9786
1795
8345
15222
8624
16768
17864
15415
969
20068
25807
28744
3431
13401
19905
31552
22611
22614
31433
13167
21296
22978
3006
32544
14765
31196
8184
5915
23807
4698
610
21102
20623
24400
23505
24429
20207
8276
24468
3576
27411
21728
9805
3836
25022
6136
11007
19772
7994
24332
7783
17234
19788
8223
1168
29424
32103
9001
20642
24940
17184
698
29434
15740
21218
8161
3456
4670
30947
3404
16949
11131
31830
13744
20492
3884
17123
16748
29179
12349
18516
32617
13393
16018
16017
21828
13386
14408
27086
31407
32225
8253
3331
1044
31717
32210
31388
124
11855
2543
7538
11952
6867
11592
3579
3485
11189
13279
1981
19453
28894
22986
21257
23348
30511
5431
30437
10616
10773
16813
18250
18229
29534
4245
9104
31664
3403
25336
31014
3306
15078
28810
24198
16071
23189
24552
23144
19823
1776
13342
11062
26357
14800
13164
8897
26679
9640
11082
27186
24837
14617
13737
16963
9093
192
25468
5039
25301
23379
28791
25574
9459
13292
25622
518
3034
13988
17378
7
14830
13156
15088
19509
21914
8952
23210
32484
28728
613
22737
12383
21553
30845
28355
27425
32357
31152
15866
3656
18125
24101
24022
13382
31838
7690
30364
29146
30769
10280
3518
319
27618
1722
26461
11683
28470
18047
8460
4826
4352
21518
27095
1364
28485
17258
31620
13900
6814
13782
14616
26691
18654
20970
5789
18349
6901
487
11811
15338
31252
27720
9733
17527
20498
23193
19565
13926
7951
652
3098
28171
15447
25930
7777
18681
12936
14599
7794
31789
3832
4313
25053
6792
7761
14026
14933
24451
23678
27692
1203
4638
7115
1068
10558
5145
10055
3242
28969
29031
25709
31048
21853
992
14340
1217
10873
32566
12868
15485
19991
31018
17978
27234
14674
16895
4206
20716
7301
8495
28866
28032
26708
19038
31645
13565
26609
7820
1609
32405
20632
3470
21146
4315
27228
11199
7633
1308
13862
20467
5823
29939
13563
19884
32558
9752
13437
8081
31868
10361
17589
5659
23433
6796
15119
24210
19412
2019
26278
30264
21984
5633
22978
24004
4317
29548
27807
8465
23428
15619
23921
1816
7235
19858
12708
32284
19610
11172
15464
6180
21445
2456
28269
11182
29851
3063
21227
27810
21174
18949
24038
4485
21204
15510
28592
22767
23165
3875
12719
831
13030
1821
12384
5261
4886
30081
22172
29408
5447
26285
11803
13473
7055
1138
2358
13136
26559
24170
31217
13942
27276
3212
14904
19163
3564
24573
26985
6648
32451
5673
17171
21935
14783
16915
13054
3130
24448
24553
27243
30818
5117
18140
23196
8689
27939
27951
14487
25193
13503
12941
28200
8694
413
9375
7205
24738
27633
29150
4597
24520
24823
32422
24147
32715
22999
20620
23888
9735
31179
17394
26519
16136
22403
16345
1781
12538
30153
23542
21529
21089
12129
11527
24984
14603
6707
11111
22580
30018
9644
26592
10333
3398
30817
705
29944
19706
20725
6449
7008
15837
28221
7363
31914
23356
17059
18763
27694
22182
30408
11503
26434
161
32622
30337
31305
10651
19092
32268
30445
3875
18402
15276
24488
10585
20552
8355
11401
27811
12515
1706
19765
21410
23840
10629
3116
17765
3107
24282
14157
11228
17770
67
12701
20111
8365
15266
21060
17807
15625
15797
13528
6317
13150
27370
24286
24299
2038
6772
24206
29232
24423
1950
18135
2880
31418
27999
11427
23018
16076
47
2396
28036
19189
14874
9903
404
25320
11539
30608
720
12250
20362
638
24649
7399
30529
16648
31971
21169
30299
6288
21768
5706
3766
20559
11421
3924
12154
10393
22837
14694
12530
30562
31877
1202
667
28162
17177
27109
32635
27701
31557
30031
23732
1126
6237
3396
26201
5421
30248
30658
32384
7190
28819
25427
4761
9636
9123
30517
31486
32405
26541
11961
30923
2664
24009
1001
17903
25373
8324
11629
27523
9788
27861
29616
21083
4888
22355
24894
16859
24149
24996
21105
16652
24232
1081
10316
3567
30430
56
8871
7954
24864
3514
9612
25440
16245
14903
28130
13373
5512
2878
31048
11731
4012
14698
9540
24998
15133
6033
18845
5999
5000
31294
20997
4135
2510
13154
6907
32610
26630
30278
5616
11998
14017
14276
30889
92
1937
24247
31716
16814
18636
22704
27966
1810
1677
26347
6228
32702
15612
14209
19241
30908
8143
7902
31176
504
31505
1398
17706
27032
4386
23988
26969
395
6656
13875
22230
25445
18372
15409
31544
9834
29808
16961
32023
15336
23783
7999
28456
26059
3389
31113
16041
31595
25137
21100
24832
28840
17400
26077
1183
21305
32317
12906
18730
12865
22885
15728
17116
9251
22807
26509
19751
24216
17404
25944
28826
5375
22723
12368
24584
4340
21609
1043
20711
14627
11703
15313
13046
31326
10764
9215
2851
18158
12124
5200
30123
8231
30585
26081
4995
24128
2193
6579
26359
10849
5880
17247
25489
24316
13352
3077
13628
16993
28423
24966
681
20365
18792
9715
12018
323
9939
29509
24189
21343
6281
18254
17188
28262
10947
11247
29586
12641
5947
12172
20976
3564
237
16829
17858
27274
7455
18502
19723
32571
28063
74
10424
24657
28748
32699
10299
11135
26583
27413
22647
2867
8651
13132
6620
1061
24011
28674
25043
16688
14875
10750
11100
20834
18787
10714
23285
3151
13743
7931
6591
4266
5305
12999
27612
4374
20843
23569
1563
25401
20128
1752
9943
1298
10027
25650
30236
3213
12058
30339
12556
13653
6716
11762
9345
234
27616
10526
15092
7411
5088
28172
8606
981
23774
12133
18652
2948
4046
29150
17368
22170
28852
9719
19302
23462
30895
2536
26668
30406
28983
26584
2054
14712
21667
1105
681
27821
6126
20721
20870
31007
16826
14178
32497
10725
29333
4236
4226
32068
17020
7176
28859
30665
6045
3032
7148
11668
23137
30806
5204
30199
10922
20587
24969
32064
31322
6657
7962
10450
12564
5819
24178
379
15686
8419
24575
6145
13927
21668
26516
6142
29821
22905
12300
31982
16611
24549
16945
7559
1097
10085
13020
329
5628
8355
3165
13397
4200
32748
26396
3458
20187
21476
30081
6830
30859
29816
1810
10066
15579
24085
18139
4441
9434
19735
14611
24627
7692
11653
15356
21029
8814
13051
4107
21475
8628
11495
11081
5728
4053
27384
23545
14053
15561
17876
32379
11617
22929
8202
19056
29952
20089
29511
31519
8958
18074
15820
22296
24510
5282
25631
23318
30230
21720
23297
3114
27885
28762
11681
13590
24329
26025
13327
4855
1314
31336
3571
13608
9787
14945
13695
5218
25138
26569
16034
9512
2709
16581
5759
26978
32183
15917
22301
17736
14339
12175
864
7041
3985
22647
16184
29836
19959
29421
22552
13664
7266
15168
12714
10575
30181
26882
27329
25392
5136
14676
20111
14781
2501
28260
26136
25402
71
26675
15846
29784
19092
15004
13310
18008
17141
25746
25108
2163
9939
3241
30715
122
25804
26327
6751
16058
4358
10108
6582
18722
29635
10145
5492
424
26166
7805
24446
19432
29078
5182
13282
13838
25712
29190
6341
10487
21057
21299
31389
25491
12612
31715
22688
17806
2697
6327
5499
11567
28743
11224
16456
27776
11891
19256
27066
6575
27025
5147
22939
16052
8139
30677
14457
11316
16448
17877
412
29605
19614
5858
20795
19636
14579
32165
25327
27107
32192
8296
21607
119
4176
8221
94
1937
13639
28834
1482
29339
24958
1603
20310
27365
7438
31873
12051
19600
7339
6673
25194
27308
1332
22056
4694
24221
3463
17142
9168
26307
29338
368
27786
6234
29128
8787
8159
26782
15720
6246
2058
20787
8100
8191
24471
5061
16265
16328
24344
24812
15450
18115
21273
26194
4906
27532
20054
2071
681
28895
19499
18804
24895
29529
22347
10399
6487
17539
2229
29167
16382
30476
29412
20033
31148
86
19782
4250
8545
4917
29680
1806
26100
6131
3984
21216
20904
26007
31139
3050
28673
8294
12520
13119
1494
25003
29204
14608
4006
3252
18631
6604
31280
29981
11455
22155
18749
14929
32588
19629
8385
31821
32003
12478
25634
19879
30647
12445
24536
1743
27813
222
12598
24214
19183
22892
24711
27628
32332
9587
24925
29934
4605
27261
27942
12064
3
10971
27648
21750
143
18246
24527
13466
28090
9158
1420
7145
3958
5075
8416
17854
25540
20922
9713
11380
14120
1347
13692
26022
8538
7569
7972
27449
14911
585
24073
30109
6935
24567
17309
19279
32760
5037
17587
10659
7547
31213
7385
10944
32437
9416
15336
19692
32617
15688
12761
32522
13947
5132
3290
22112
25768
9522
23969
20894
15221
4986
22017
19740
4197
24231
13755
3172
20591
22825
31126
31984
18351
8442
178
5685
4444
8134
7193
31456
17402
22094
15511
16223
11729
30478
13004
31139
13725
5149
13695
32292
13191
25686
8757
28198
22100
25525
11266
31547
26845
21251
27808
1034
3007
23222
3006
28238
14163
21779
28826
25122
6625
917
12754
19067
9744
13202
14200
16118
26017
5660
17252
15060
25693
20262
21454
17730
18252
32743
5148
28382
25640
20612
20472
18552
27921
15593
7334
14101
1154
10487
11412
18746
19844
32741
307
29031
19490
25312
28422
18913
10780
10997
10233
17844
13280
16945
16371
29433
8629
6151
24494
12885
314
13553
6599
1986
21263
12634
5649
26770
12498
5052
1839
10929
3917
23046
7778
31018
28909
12864
29087
29164
7286
9841
2021
20687
11254
16321
32717
19410
2040
25819
1123
1190
8953
30613
1076
13169
2336
30163
24232
28364
6185
8616
31634
13581
29603
29887
262
6860
2395
25338
7019
17056
14872
12376
3024
554
31368
24092
28804
22613
123
29484
31712
6363
20559
9143
3432
28940
16043
7194
24851
10699
14961
29445
18662
19161
29421
1753
9415
854
11859
19029
3217
31620
25704
17522
24676
29647
29055
18315
13119
21770
30119
9153
17360
5628
13347
22686
30602
6683
1818
2553
3065
28055
15248
15385
29266
666
27029
6941
2383
21455
7356
20890
10553
4129
24783
12935
13894
13253
1729
14934
11558
12922
13796
11108
24025
5903
7516
18835
18627
15398
22996
31029
20994
569
25456
17709
16127
9946
6146
4176
12867
8511
13696
30226
6541
10237
22710
7774
16929
17428
21560
2245
1890
5420
29595
4827
20387
11038
32484
15838
19259
6326
4673
30617
10711
9144
7671
27272
14869
13856
8860
6461
10062
29870
32134
18690
18866
7842
22915
32704
15515
6853
6090
6432
12059
21928
17714
14063
8919
21808
28578
4295
3353
9554
28617
26348
3616
540
31503
7284
12987
25333
4555
15531
29718
19237
7606
28597
27091
920
21664
8821
25180
8670
13153
26030
21880
119
9491
18536
25885
3150
10878
12694
24710
2947
5588
31989
32132
16749
11935
24375
15385
5088
20983
21857
10307
5547
25336
9074
28182
6757
8051
9797
29709
14186
11492
31928
28578
22048
29092
19470
10268
15231
3680
9106
23465
10448
3018
17277
31404
31156
4238
19226
11608
25449
13192
4648
22398
14665
15924
12672
3747
23187
29542
32504
13910
11630
11835
134
14017
19243
27983
6825
381
16843
7728
32260
22699
3777
15635
6220
3136
14073
7366
3173
8608
8216
27366
30152
6511
3846
17490
31528
18339
28586
28127
29781
29150
18932
1358
10080
10236
2081
15995
24832
2791
29242
214
27700
30131
734
30999
11562
15591
31042
29486
25440
30744
19574
4217
22281
2493
25578
11834
30130
22846
14640
4168
8741
29518
18179
9221
15246
1147
27017
28559
8156
25091
5077
315
11626
5354
32432
29503
2015
6985
13465
22446
9299
21481
7946
8362
24755
18448
30973
22741
10854
18331
19119
16392
30768
2893
21156
8264
6999
20839
32747
28405
11269
10361
24995
3653
5358
23671
12222
17137
562
14863
20741
12846
14213
7226
604
31711
4493
30738
840
17673
13963
23267
27566
18055
14910
3716
3806
13311
14597
22504
4047
3860
11843
1008
2732
15069
2567
13955
30608
25494
18925
12257
10895
3734
6463
31796
5365
26241
15456
16745
11218
6079
19307
7997
6070
20781
23
21915
4537
15634
6878
9509
4542
1620
9054
7697
12793
15852
2047
20790
27567
13463
24790
5990
4413
7374
22985
25343
10588
2297
2036
20413
4003
6624
11852
25810
32334
29026
13698
15673
25917
15721
23339
2631
12864
28445
23581
9347
28305
29272
7708
7863
21922
31066
7350
3911
18713
12479
7531
962
17945
28590
28433
21175
16324
14418
14455
16330
766
7310
6729
9734
1907
23276
10291
7285
20955
18391
32073
18670
19325
22283
28583
21807
13041
22857
10068
14892
2603
16975
7277
21926
9653
2823
16511
32254
16700
1023
22324
2124
15694
11289
16946
29868
27234
24452
17472
13528
1305
29418
32682
16636
18371
3819
13287
28357
13605
24523
32378
16059
122
28007
8982
5074
14007
12142
7941
2363
3347
12749
3019
23168
30919
23915
5382
4560
29714
14615
1432
28824
5249
14015
12296
18003
22125
24802
13862
10658
16837
31815
29678
18335
19470
29168
4527
15726
7079
5450
365
12310
4178
6822
27523
5775
13552
20972
20108
27165
32396
31118
22148
12508
31899
15804
12075
5787
24194
14295
21930
2029
29273
551
11641
894
239
13264
23680
5540
11022
22786
12925
12854
11264
15217
8101
24737
9553
3845
32398
28216
22487
22226
13644
6860
28144
5706
29147
29565
15115
8881
1469
20431
5226
10450
9443
9473
10022
15089
3025
9114
28531
31488
20734
21316
13605
13590
25977
8413
12659
32284
2258
4812
16891
10954
13368
6033
19719
13010
16607
8864
15119
21594
19877
2928
10623
2992
10228
25295
15033
13113
15338
12920
10078
24491
20407
23271
29898
19580
3655
876
29917
27803
9506
20607
29441
29533
31120
21587
12904
27066
14592
28078
8598
9145
18602
2295
26400
10793
22644
30609
11187
27794
7442
20839
17751
20331
30066
5320
10229
27277
32599
30838
16151
3048
24388
9209
5360
21109
16283
16953
27292
30059
19206
8780
9641
2998
9750
23181
14037
26533
11306
8686
24089
23267
29587
21391
28647
30376
23797
20623
32689
7216
12784
13346
5034
29037
5888
3555
17872
3577
21666
5740
30250
29774
15289
4644
29262
11065
10543
22105
13863
2956
27871
9359
10741
5652
6067
20503
405
26058
29961
25059
8451
4685
13148
11928
10781
5776
32
4837
6058
4048
6893
18964
2458
26826
9184
4830
9871
17706
10559
5764
13981
16710
14427
17947
23374
23052
30139
8743
2282
4409
118
8300
9461
8653
9441
9217
28152
22715
8810
15270
4229
26084
2244
6743
3445
14662
28741
32290
21876
16497
4492
31029
15808
6203
102
20795
12845
1717
3571
26857
18541
20830
5636
26579
6286
17302
15304
5253
32452
31061
22952
5327
10857
16924
10351
2144
7746
12332
25006
12694
1540
10231
24927
8341
1302
980
2760
5271
25241
8182
29858
1923
13990
25247
8315
6080
31958
5265
16729
17483
12296
7622
21920
12039
21342
31328
6197
22869
3209
31715
3300
3813
13127
10914
11263
29388
31273
23415
29000
25302
5274
19895
21009
9501
32285
25957
24226
5082
18134
21926
4827
15228
2380
20341
6683
7927
28013
2200
2656
5727
23763
11987
23215
31669
19525
7003
6326
6657
16001
23181
8624
4768
25656
23520
25225
11488
32091
24089
25410
17354
24469
27582
8600
17983
17945
31692
32480
32071
20125
2732
17718
3237
18342
16228
2006
25007
13319
28939
25290
1116
10148
8319
24006
32415
24956
14938
30288
19955
18151
13601
5411
4919
9243
24511
29398
29885
22005
29746
12217
26270
16631
17029
8960
19792
14733
2046
9507
11898
16788
18072
22916
25606
16156
12467
15187
1400
4205
32011
29102
31615
8521
14055
12045
29130
25969
24211
8158
6941
23659
28175
11372
31652
641
5641
4613
11655
21261
18185
5980
21438
16372
23276
24620
12071
17009
29331
9246
2518
26900
23516
19693
27820
1802
5073
16328
21291
26782
14624
22008
20872
12544
716
18626
24834
17733
3873
5263
18035
26800
7917
5962
18213
28208
4333
28170
8166
9001
12678
22001
29279
22391
12981
5204
7329
9905
24649
10779
12033
26282
25680
22123
29734
24382
12239
11395
16224
12107
23478
16612
30011
765
5650
12725
597
32591
28549
3685
13420
1742
7411
25234
10683
15264
383
26666
19079
25286
5302
9424
245
3230
30985
30337
8990
9900
22145
21367
17253
23193
19886
16717
23305
24188
5857
18277
758
6745
8603
24711
12001
18151
18500
12234
7827
27031
27680
31928
31109
20945
3456
15021
18606
31617
13365
8064
17049
31442
15434
3429
7610
21817
23283
21522
23810
27574
28608
3361
19121
23127
30230
6070
5484
28925
10976
30561
17295
10594
14978
6726
28868
15963
2830
19067
2517
18523
30395
20145
31422
825
2707
32279
775
8499
7531
19323
9296
20274
21272
2994
24366
20048
24544
31547
12853
18071
8239
18207
3926
14091
22667
7451
15212
9963
12746
1793
19473
31797
17795
5468
14262
7016
20162
7507
11251
13453
21248
3536
7707
24952
22354
8161
18964
31052
30176
26206
4965
15677
26521
204
31889
17050
22053
30081
10404
15882
2587
30473
6923
5142
18805
6345
10664
21223
31297
14050
21798
31057
23961
5464
31626
12049
30420
31348
6411
21075
29438
18534
2852
32376
9350
23087
2535
28693
26423
10174
19348
27199
105
30041
1642
262
20345
4671
17597
27967
25206
27276
16201
19847
17181
28764
12742
30852
4104
8243
23997
17518
13858
9373
12185
26574
24158
23825
14849
22406
25513
19483
31589
17938
25885
12475
8663
10253
18551
20232
16669
25079
16587
11288
12036
821
11638
16676
31223
12889
25941
27112
11727
11940
16948
4681
23277
2761
137
26426
4998
1268
18275
3808
21311
8203
27805
11252
1274
25140
18775
12394
6895
23703
12966
17232
27902
24677
27275
15864
20803
1305
7458
1113
8940
25598
15900
15539
11079
11505
23151
10866
8479
30824
12876
12373
12873
31411
12114
15823
19322
31874
2817
11182
4700
15528
14705
19450
17888
7966
27716
12576
30933
19787
16857
28751
23226
11138
29890
25379
720
18381
8057
11393
29044
9705
26702
1218
15276
3217
10660
4371
5376
14336
27229
18971
11147
5553
14995
13791
2641
28009
18569
30947
30163
7031
16865
658
30433
16442
21775
22752
1968
2277
26381
18222
5932
30079
20816
29806
22159
16430
15356
9351
1331
18868
26708
10491
11940
12090
32628
17607
3834
27981
14658
1931
4454
13350
28578
25578
7434
20782
29161
1332
9230
20929
11413
10306
10480
17202
31035
31650
11803
13328
10944
19189
17340
23208
10700
31124
10193
1227
13692
4218
11394
13522
7255
25438
22709
4062
388
4383
30429
357
570
25445
1554
14314
20343
20870
16743
24331
4085
10918
12664
15041
7770
11043
31810
2020
30638
304
26424
17901
28179
1215
16275
19968
29616
9893
7401
23338
4591
23288
12801
26599
24808
700
8166
1255
4893
6335
32570
3345
26983
9666
5069
23241
9008
16345
24174
25198
16099
6421
257
22055
7841
24927
10450
14048
25910
32679
29481
30351
8011
26175
31
4028
3292
1665
10159
13888
7917
10168
1296
1357
32121
9534
19522
20142
10668
22497
7656
28496
4178
11915
19797
19714
8334
14883
19689
24953
15055
12462
13470
30359
3072
11194
5854
30701
10495
9724
6040
32126
32337
31800
31122
29637
26644
30049
5633
1274
1588
5634
29271
10130
8418
17116
26716
30213
12610
30416
5248
13267
25188
4096
32367
9161
7798
30770
12263
4992
31800
11381
11718
16424
8368
26630
1896
30851
26910
30324
28719
8244
28978
28931
5987
30778
18813
27470
12861
20664
29222
21297
27710
2039
28126
2022
12741
31405
277
27758
2273
18816
29038
31027
27748
6086
22897
4331
23865
10127
25729
7359
7671
30437
1805
13229
19637
16978
1802
20779
20257
4259
26784
24333
17612
11244
4899
5800
29640
11212
16966
32056
25461
29938
6027
32639
6552
20960
24574
28847
11693
2287
25123
28810
9855
5012
18477
31944
22005
23265
31344
12729
10031
7503
32281
32299
4817
25018
11293
20110
11679
7085
21615
29526
1355
25824
8566
18081
16266
28671
20414
21786
12141
6317
3566
3613
21743
13513
6394
16156
31435
2800
26777
24129
26256
4675
32762
26708
20214
24426
14002
21984
3187
25305
3578
27537
14346
23633
26135
27105
11364
10154
10265
24563
7457
18129
14280
9663
14448
19725
16860
16752
1757
3974
14956
15370
32107
16135
8105
10576
30179
20227
21708
26341
363
19926
10573
22193
18778
4686
24662
6278
29259
25194
19575
1796
13681
30561
21403
31674
9258
742
28475
7821
18902
6571
31953
17502
8169
10020
29328
8423
2111
20109
19538
20454
16816
23854
17618
31102
2789
12766
12059
5594
26473
15814
1088
5139
15107
615
31054
26708
12100
12511
12671
17724
5980
20071
24752
1155
17970
545
29205
737
2739
28689
1836
29483
18025
17768
25327
27840
21072
23049
5454
14627
9702
2886
31452
9449
29826
13290
25801
22486
13542
25981
32016
30787
18199
18115
15089
7618
11373
15238
31650
22277
1510
14741
4930
18172
19647
28429
27150
7486
31046
7639
31191
28074
3050
20594
16308
11086
11412
19443
30196
19080
21562
25418
10838
20074
13489
4038
1149
17763
21186
29404
20638
31004
1665
9508
8828
21921
21978
30372
9366
19393
23917
1105
26526
12983
15260
18131
17966
27914
12769
32393
12471
21681
28773
8397
30138
12923
16335
10873
23098
17582
32090
31657
5745
6382
7467
8387
2754
15713
9953
11445
16623
3345
24685
2174
3468
7058
6948
23536
26035
996
22290
29620
15610
7834
12434
18574
32674
25404
19484
3042
32017
30955
13405
23928
22146
14915
24205
3708
17916
12422
18685
5577
20864
18934
26607
6503
16007
20354
21675
12625
22956
23973
29391
18300
26277
25740
32743
14614
19575
29559
16701
7435
20970
21345
17395
21454
32315
13539
25422
17494
29202
30038
2389
27239
19635
16184
23963
6674
29048
2512
22105
7295
16767
15381
24511
2538
7584
30413
3468
1260
17570
18930
2781
15100
25006
22873
15426
20021
24323
13462
18455
3162
20716
26138
30994
5911
3311
32158
12056
24969
16712
6597
21077
9985
8342
13564
31883
16133
30163
14757
19626
29336
13449
8566
6306
14012
22851
9243
29045
28724
11842
14627
11664
9358
18546
28953
27995
15457
20637
27121
19983
15060
27869
25255
16072
3679
24151
12834
11227
24278
10022
9566
29801
31907
19606
2250
24116
21842
2451
24815
31666
4436
1377
5715
14432
16124
25229
6301
32601
11982
14883
15609
12327
25849
22305
23486
21977
17442
17964
29007
21589
21859
3458
17983
32752
20884
8496
25272
21308
20425
26501
20765
14113
15643
25030
29678
4400
428
19747
29420
3123
30437
20458
894
20233
4866
1787
4180
5553
28113
1916
1098
24740
694
10445
15503
11880
21491
10942
26118
29538
21286
3072
18924
17388
13075
9434
19900
25767
1700
23069
10831
13586
20782
31834
7752
10332
27638
10066
8111
16503
25844
13742
20700
16238
15063
7409
15511
760
6729
17834
7549
15949
115
13294
13478
1592
26308
5125
29572
25454
23534
32612
32014
24350
11826
3547
16926
15817
2782
1808
15640
23636
14100
18476
4301
25436
17868
12756
3743
17609
28444
12891
26597
14246
27832
16438
3729
9776
32693
22704
2320
16940
914
22239
15729
13182
12920
14038
30666
5368
32449
6428
12247
13168
9656
6749
20965
17173
24479
21344
3822
32515
20727
5433
30726
26388
8443
13760
26869
4089
22894
65
1574
14730
29590
7797
20928
8027
13961
3505
7186
14224
19111
29790
21300
21490
9832
27561
30187
22850
14424
4475
11726
205
29279
30380
21671
22592
6726
15732
26908
29630
887
31778
13967
1584
5636
14352
13378
21468
18155
3286
24511
13114
26009
21438
5751
4098
25260
24440
12969
9354
29693
8207
28549
23887
14814
17180
22674
6865
18848
9274
18509
17829
16729
8633
14867
26821
18659
10647
29504
17962
9256
4779
18329
6557
15005
5668
31975
32202
14349
32050
4581
10134
10904
22275
27740
27570
16891
19185
12941
17008
5138
23290
21455
15830
2715
10864
1145
9714
24124
7409
12546
12140
17096
24986
11367
98
10430
15992
7629
30575
14354
12351
29032
26893
26672
12863
20635
18206
22847
17043
25953
26309
21154
30364
27883
22650
2757
13230
23947
1630
7190
24584
9168
3275
19281
8202
15091
304
769
29602
9329
6940
10308
18440
762
29592
11470
20907
23690
20154
560
17003
18390
9079
21082
12296
2281
21945
8543
16090
24847
22193
15481
25795
5618
8047
6733
22627
29699
14768
4208
138
20507
19191
553
30707
19554
21983
27769
31023
25713
9647
29528
18143
1203
6191
21570
25638
12561
14778
25074
12638
32462
26517
28014
16650
26031
27775
16451
30988
11360
19337
3090
21529
29715
11560
29515
22377
10090
8841
3897
4275
20631
13092
5951
12376
6850
26772
3425
5087
682
19622
5125
21665
31376
3504
20731
11973
1361
15652
444
21615
3282
23652
9455
309
30624
11224
23858
25043
16856
28735
28950
9247
7493
8770
3179
17215
23753
15439
9919
25625
12030
6820
13089
22027
27676
8618
32043
3036
31518
7813
22335
8435
4640
5609
32272
16071
22028
29999
21860
30359
7541
22952
25113
25435
23235
25137
9574
10234
29073
16135
15716
7613
31571
29661
28365
18180
16188
44
31747
23096
24927
25035
27988
30976
3348
9663
11900
26552
7837
31572
9579
22815
4105
32109
9801
8783
11609
9752
26808
27379
21474
8293
25177
11700
16626
27769
10897
7412
13238
2526
19341
16319
26203
7197
9347
23294
8820
15759
16699
31470
29852
29808
19151
12497
17244
32309
30127
22756
19791
25887
4327
31888
21123
5137
6821
9444
27939
23711
32245
12611
23891
9063
24016
1626
19548
9892
4437
10581
19209
4864
13654
6995
3921
23210
30486
2327
13621
681
31825
8960
1772
23152
3197
12603
4158
20914
24400
14391
302
24695
13442
16729
9179
13680
6356
7154
27048
7815
31825
10862
21403
24507
32212
4046
14851
27691
4042
20824
14174
13680
23097
16524
14969
1328
32258
16731
985
5360
7523
16532
4698
22570
19903
28319
17174
11424
22178
4717
10376
25839
25088
2223
23794
24935
445
17222
21499
11034
11890
23803
28573
17715
9071
5489
23614
10378
15356
18775
30749
7541
13797
15074
18928
26592
32053
15995
19148
31136
25921
8117
1860
7940
29416
21121
23509
22957
7194
17573
20610
23968
8343
25450
22459
25754
24569
10645
29827
19364
20725
18841
3026
12006
32222
18443
25912
30656
10858
6742
7876
4375
1721
7600
6180
13805
5011
31309
6413
3637
7154
18130
14046
3557
26560
12
15744
19020
3041
10466
8080
14758
31604
9864
12736
4334
15958
11510
13690
13299
28904
20377
30407
27566
28947
2632
368
22227
23689
22137
12643
18598
17485
8373
8791
2576
14709
12873
17075
12530
5935
25407
3500
441
11778
10380
12462
3891
13398
21131
8190
3233
8247
4010
24221
1549
20054
1892
32111
29405
6736
8559
5532
22185
19507
19766
16951
25674
32575
23945
23838
22323
26089
19603
801
30469
3878
31757
9062
31069
4325
17842
7691
13808
15325
28659
13838
24795
15498
23275
23146
16180
19826
31125
2691
2533
24237
27453
22980
29370
22180
18740
22151
32696
20505
31944
22581
12465
31080
12659
30894
8981
30988
14163
15595
10251
31588
27098
12514
192
19895
28359
31401
13567
10871
24917
10463
14339
6850
15794
16456
20361
4398
8370
19639
28969
8646
12229
31025
2533
31568
15655
29519
25603
1490
31830
7652
7960
19028
23241
22240
28262
2022
20703
21620
4455
6629
16150
23927
15018
4987
11133
24841
22750
13413
29548
12662
30253
6905
17778
26205
8651
22375
30607
10769
6094
17471
3491
30271
6976
18483
1063
977
13938
25887
13083
29203
21908
14406
23871
26900
28547
20446
16262
15184
12514
31184
13512
19083
23916
28601
16823
13312
23432
1076
7444
1979
7710
13659
2083
3908
24746
18571
2908
26493
27023
21352
27491
29133
18093
22049
27194
24702
14389
19190
10422
25188
15804
20215
15407
12736
31119
18446
19580
2659
24135
11327
19998
19223
23197
20015
11452
17978
30591
21219
31184
1452
7267
13515
29599
1516
28123
30719
30830
11389
31337
29640
14835
32143
10645
21858
17674
21723
8510
16384
12713
9679
5422
11793
3862
1771
13553
30658
24663
3179
11238
8900
15595
13862
26518
24399
27063
29878
6213
22119
32323
2521
8135
11614
27174
18455
25237
25242
28351
30117
12064
26520
24870
22154
12133
7217
18530
8704
6338
3868
11229
26397
3592
10165
9749
9394
26577
7420
3987
6260
22292
24033
22049
2393
5622
20159
21560
4421
6883
38
15544
10726
478
17117
28379
220
8213
15655
18028
22302
30137
25926
15412
28569
29196
1342
27318
20762
15804
11227
19228
24429
32623
12021
15984
4039
20127
8947
14095
15457
18600
27534
5723
23398
31775
18904
4785
7439
7782
2940
14747
13580
16253
16199
25158
21287
28699
4839
9270
3876
3582
15859
9784
19435
10879
7724
22936
21993
16233
26883
30101
16563
9739
5723
18194
18412
1164
26767
10382
14186
9599
13751
13910
7828
28087
22055
4857
21262
25693
23609
20477
1689
319
31053
20176
29748
13675
13325
11777
26759
25085
21494
5808
10626
12597
9748
32324
322
1485
32524
12380
28724
29833
7776
13575
19068
31759
22255
26423
17560
28409
8379
20339
13120
17449
30703
5837
657
16732
11553
9748
10347
13314
2772
17738
5656
11342
29761
20312
27950
28297
24919
19969
31670
3755
23552
4629
17293
27180
25254
7143
4363
29720
21494
26624
25827
1890
18403
29717
13642
13178
31214
4151
19036
14113
10405
20554
14779
7549
3690
12728
17785
12648
22390
18791
8760
15118
14622
3560
26767
15287
3668
4593
13744
7137
7536
17165
16200
32658
27441
146
24231
13548
16126
7891
22305
28930
15474
10904
23476
20202
13848
203
6123
17684
7539
3700
16385
1241
13378
19688
27722
30807
25345
20028
17359
21117
22707
28160
14904
25954
22495
31274
25840
13019
21721
26705
11139
27468
18754
27420
22347
20158
24786
31737
17995
9266
25429
11538
17755
15157
32756
22397
21894
11189
23990
31154
24752
18451
5447
23107
8571
30073
30711
17095
17004
24174
18437
26391
30794
13224
17950
19646
7111
28449
14369
18090
1635
19821
19749
22824
13964
29002
701
6671
32522
25977
28539
24890
17818
28876
5810
23868
5337
28801
10624
24656
1380
11470
22796
31119
16958
23485
7693
11878
11378
17978
6540
26694
25081
17258
29418
27293
11229
32319
22308
25862
6047
14666
32086
30140
16343
1232
21630
12373
2074
6943
16003
31917
20512
22306
31862
25120
25126
31028
12311
4860
8338
11826
5787
19509
14038
3284
24748
23899
20886
32061
19378
27850
8717
16080
24657
19489
12461
70
31282
28917
17157
15869
32007
26054
22760
23187
23241
18225
1228
9652
20292
8552
9072
17712
29910
16864
14018
13393
5748
20809
26623
19819
25325
18883
29980
4532
25971
7503
3429
9046
26455
8323
24932
9667
7956
3459
27140
30793
20623
13100
10998
32486
17053
9362
29780
27997
11718
31917
26500
18569
2121
2639
17248
4594
21343
30809
15251
20894
19908
17967
24390
29226
12148
9321
21245
8985
21170
2508
25019
13675
28239
5240
10605
9841
17705
2914
26245
19681
28402
5125
8934
23590
7731
28757
19456
12793
1936
22773
29756
8757
20045
18345
17306
13543
6673
17934
23448
2725
14826
5257
12887
23330
30866
15741
10489
16895
1521
26817
24909
19939
6626
849
5806
1485
13370
3907
32296
22697
7687
12285
29149
11042
4117
18086
27559
30648
8887
13018
4863
13586
27331
2978
25118
30357
26591
25763
9825
31541
10235
29589
24562
7819
17439
10743
17573
24616
6759
5889
27168
29994
26956
9691
23359
6157
12324
3084
7351
2755
30956
31797
25849
32518
28486
28927
2905
22765
26814
9298
29295
32701
16977
1736
29117
12546
14128
19297
659
2527
5313
23416
13360
15011
28647
18165
11050
6300
16259
1221
12304
560
59
6023
4429
18729
17786
27272
23631
5969
23479
31474
12777
319
24571
8512
14838
15216
28829
3829
31296
9626
23376
21646
5280
8252
27745
949
12390
24698
17209
16823
4858
13864
20521
24120
11204
30757
24423
16934
5962
2794
21843
19179
23960
13666
32767
26087
28645
14333
8687
29
10611
23040
6685
7724
22455
24863
19776
12418
3514
10061
13390
30668
18111
17107
13376
3504
7206
29855
8981
26047
4752
20703
7705
23205
16964
21967
5479
7075
24274
25807
12461
3648
25078
20921
28975
30779
23998
31857
13583
1475
14831
10430
32715
32746
24742
2136
11271
18264
7739
11074
27277
26428
14442
19033
12946
21641
181
8238
1851
11614
26116
17425
13919
3269
18831
15214
29839
18081
6909
13661
31315
8162
32717
9332
1719
22267
2550
10975
27398
4246
16842
3251
982
31878
1824
7296
17220
18173
3506
22054
12417
10751
30916
7145
142
13078
23047
18887
11331
4424
6076
4872
10134
32582
32284
24088
7706
7654
32760
4754
22726
21203
27293
3485
12536
32643
4346
12411
13497
9322
12805
15711
24643
17518
7770
30335
4289
7322
24869
13163
5205
1046
28739
24733
31583
2135
10148
7505
3837
6547
5108
27543
4302
23416
20602
9894
10236
28189
31808
13171
8057
17209
2676
8066
22920
21395
29198
8700
7296
18617
179
13059
7372
28405
21721
11586
26679
893
17197
11720
5735
13034
11057
9750
25254
23531
32554
21622
4841
27195
825
5775
20490
24016
1992
18999
21337
21078
8999
12424
3411
6875
11895
1846
10673
17868
2504
19487
5285
7456
27518
24356
25952
30419
16121
30264
20951
27030
22133
6070
4039
14789
29742
3832
18166
4761
28360
3877
30909
24479
29935
30794
195
23144
13371
29357
4875
8322
26454
21598
23345
26024
3936
1294
8432
5686
23698
21540
5608
32224
2594
29966
12446
18082
12647
5589
14533
25594
22590
17397
26812
15958
16044
4971
18519
13000
12229
15375
9442
15105
22988
8484
19043
20861
29083
30510
25120
26107
9541
31747
6753
30256
8699
29989
31607
7868
12588
26703
3581
14429
12528
16974
13918
21859
27559
24594
27032
13156
4829
11781
7999
30000
24946
20892
9412
14599
10487
4395
13815
24330
20058
28157
32459
5104
31174
9380
27225
29690
32197
1934
25384
23081
14760
26585
26796
12206
31528
104
7692
20386
9037
5943
13865
21239
4751
18667
24795
22703
8252
12974
7549
7755
8473
28217
5805
31879
16716
5170
27469
7236
13689
14521
2253
30662
1836
5694
31405
31775
119
23189
21309
24299
31452
19020
4520
31806
5484
11836
10544
20699
5681
16222
3515
25767
31434
1248
27023
14685
31829
22648
24666
4482
2706
1273
885
9116
580
13092
23401
3487
8923
6336
10931
7336
1873
7661
19908
15597
9810
27829
23628
9716
7583
7908
28600
5892
19636
32281
13049
14298
681
2590
8072
29084
17238
14709
2983
21523
26554
10291
28137
23316
7582
10514
31220
10303
2677
27841
31366
1261
5511
13182
3254
16483
7502
15591
8317
15948
7200
27149
25204
18790
15
17867
29407
32379
14862
26454
3563
25491
18517
25364
2356
32616
16390
15794
19082
1306
6672
5489
7157
26660
18259
30144
246
27791
20486
2320
28944
1893
598
7396
7047
9065
29776
11303
6248
7685
23809
25539
10953
4228
2268
21871
30802
14721
27996
19656
23037
6815
8170
31396
10777
7803
13312
27299
13205
23263
17551
30471
9851
17209
11422
11973
13755
24395
13108
25051
16938
23075
11897
18405
14026
32078
25112
29931
31308
27721
7399
4222
6611
13368
22986
771
4347
986
26581
3406
21274
8125
23984
32371
31174
26286
23616
31704
15511
31348
25731
3983
5677
24766
17596
28899
14965
12377
24785
15153
16937
7846
23025
1786
12182
332
22905
6453
12450
6186
793
7402
16909
13200
21043
6908
6135
2734
26243
9287
28579
22092
1029
25066
11898
956
18963
32742
29267
5133
26062
9705
30449
31618
17344
29284
29901
5442
1216
11235
23830
32593
14869
7326
5879
29375
11486
19531
8728
27680
13489
3127
16999
14396
24962
2453
6424
14599
31942
23062
20202
30419
9689
14010
13229
20932
3485
22757
30465
26500
5477
11701
24160
313
21777
21395
7263
7604
19578
5640
11568
27627
17424
23506
23660
18858
8385
15160
22543
6789
12061
10394
29893
2833
10680
29516
1892
5204
32464
1189
30649
21369
6448
5458
28807
2504
12372
19696
20685
22742
25550
32731
16968
3833
9705
32576
6457
6143
14731
12154
24936
26144
18272
22683
15465
26416
20020
25928
29982
23066
29345
971
27773
6281
29163
23907
17299
10472
15400
22494
26313
11405
31140
5482
24167
32305
32643
9897
2134
5284
30632
8963
7978
32190
16342
6976
12896
1433
17429
6742
29667
24061
22616
10367
32469
23068
21852
1167
31629
4736
31955
1925
17628
1345
26818
26208
29333
1659
2600
17972
27980
5375
31456
22140
28509
26441
9928
26034
5937
17587
4131
9245
28348
32488
13116
2283
3146
8090
19789
3455
12412
7800
2718
13068
1421
13146
24561
1635
25562
6335
4894
5641
16290
21114
14075
3725
9226
19624
7806
28952
24420
26341
2854
6214
17584
16320
6806
32564
9827
21612
14212
32475
28264
18616
4561
30108
30565
27456
25081
3355
2879
18917
31662
4689
10976
27260
29632
5085
824
31683
23872
15003
13185
4761
25061
4216
18632
18286
14766
10629
4777
18424
17865
25418
13658
12583
21172
11868
7403
17756
17826
5682
13771
21206
14624
31540
3727
24172
19704
13077
18159
26242
11606
867
28689
21046
5417
10844
16907
24794
20428
27140
19107
11687
32230
18804
31064
7087
8591
117
11431
15892
13748
16717
9351
4216
21692
21721
32310
5044
12907
15580
7479
8909
27911
20631
9628
5156
31162
1946
27521
31468
12344
26329
31705
7393
14753
17410
8813
28727
26281
21262
4385
13777
12534
12823
3193
948
27594
26473
16733
21435
26593
1499
10265
27276
3741
27488
6312
10954
14432
19929
29746
10381
16953
2605
2003
4367
9924
27036
3230
15016
7755
20816
26850
28924
2609
4149
5803
20851
12177
16139
21388
19433
1314
26298
32156
7079
6238
24805
16831
19602
19939
9921
32551
8355
281
552
1050
27031
18197
21737
2037
10984
22717
27235
1649
6139
26669
1874
24613
17051
25946
11240
25676
3494
30197
15392
10185
14342
9363
591
19816
5091
2826
16379
9063
15895
31774
16625
14901
27107
28765
9362
22649
5344
14919
20846
28758
14136
17842
18196
31213
17429
26221
16935
22308
3674
31268
26293
9382
26002
24963
25797
7212
32549
5278
19247
27642
32722
22161
31921
10156
14681
19555
31550
13874
28792
31537
32153
24858
16153
29064
803
26893
26314
8210
23026
17309
10093
9589
19234
26174
28209
4472
24944
17041
28865
25448
32260
22505
2235
18362
12175
32264
25443
22769
32662
19753
22937
26562
10766
18244
1032
3702
29480
9869
24481
5009
3950
30013
5704
24497
21007
21142
16332
2744
5495
2337
12061
17453
4643
23099
8121
6880
6068
8911
22376
26573
23618
15717
4137
24643
22002
17756
15980
4934
21195
8051
1921
22065
17093
27535
31825
25760
26659
17336
27724
14220
25091
27748
25762
22456
17716
23032
12214
12108
14151
12172
26832
7872
16361
6894
30737
22780
17520
12778
2733
19134
25011
13513
23380
4411
6175
23064
24305
17417
32263
1963
10647
5692
27708
7393
8120
4816
22750
12840
18329
30791
21617
29124
20226
30610
23859
28109
6458
23093
31917
6007
26931
21415
25481
15255
31745
503
30627
10338
10128
25013
2147
24695
20887
14608
7497
32544
21192
15932
4809
12756
6730
32023
31066
27393
9576
16395
27338
12809
8075
54
18900
13450
15973
8392
8180
31971
11888
31149
3450
29172
9111
30061
32734
1061
25138
18000
8787
11177
21560
30405
15518
7172
32432
22788
29737
20682
27497
6643
9043
22442
23275
31558
15115
31660
21165
30955
25245
13751
23433
23973
18891
1622
1132
2807
24864
7355
32082
30787
27777
28421
24178
11571
9221
10174
28597
15192
22279
3240
1133
31505
17785
17081
16196
4015
9082
4964
21106
30422
31531
5914
4148
10022
24767
26897
24441
539
11474
18500
26846
7474
12540
18875
4060
9806
6821
12
3136
26457
30747
15394
14300
11566
5089
19261
25725
5559
6731
22074
19997
2386
15687
17941
32089
25466
19070
20908
11813
3747
26524
6341
3774
5989
26859
28755
27360
31453
30247
17397
5946
13393
29070
12480
12575
19986
21814
15678
1662
31143
31395
21174
14868
29479
153
23470
30688
13287
17199
11183
19927
14421
6693
5192
31962
23844
20855
19285
21989
6058
4146
1666
30601
3462
8583
28682
32668
20357
21534
22725
1327
15303
25517
19297
28352
19229
8392
25839
30897
19894
19195
5794
32761
23291
20758
13524
25882
30903
27592
30538
6995
15739
18031
20153
14358
29249
10799
13193
5820
30543
24385
20952
25720
28766
14478
14018
10377
31740
32125
25312
7348
31279
9737
26126
27122
9819
7446
26738
7526
2149
32005
17594
27025
281
31366
6052
1993
30153
29101
26820
19943
24375
18761
20610
19521
16310
8305
16226
2008
17547
31327
19080
9426
5785
23682
8571
5418
7742
4814
4393
8102
15992
3671
14379
21257
19276
4638
20555
14730
16232
8746
12611
24710
29959
26843
28872
2162
26133
1660
17351
4371
14227
32535
1263
30193
5182
14989
1135
28425
6763
19173
1281
2498
24886
27877
2599
20002
22747
30431
23476
17474
2660
10702
25231
28159
31365
6306
17076
2291
13252
6615
22139
11428
15324
30540
28445
6394
30820
20563
32372
18679
18092
25092
3586
7586
19176
10712
10037
13636
14992
5747
4329
17111
9734
15040
1583
31164
1402
14147
19021
25004
3339
19883
15878
9969
3118
21159
23067
15062
23636
29179
13073
22620
8903
30931
27189
16686
27093
6743
12254
18135
21809
25215
15090
29747
30102
19241
22955
27427
32685
10089
32667
19077
27185
22816
29934
12388
14161
1232
2800
11371
27990
14254
31183
13984
645
13305
19361
32335
16455
22411
30888
9539
24967
20654
6357
15164
28764
5424
20108
3486
9960
20410
20135
8039
22400
14173
10685
23907
8204
1390
15012
25251
27825
32148
24116
24875
3502
15391
22606
747
25732
16027
2589
22257
27738
23205
23964
7900
8607
5886
2649
4244
3313
6878
6008
24632
30014
10123
16122
9816
32041
20521
5696
30309
12207
25556
8138
14693
16394
15852
10821
8427
213
28848
8389
17991
22130
32271
12367
18938
10409
4794
26266
1901
6033
30590
11798
12514
30644
11473
19246
26538
22894
25771
16074
9368
8086
20119
12825
1207
26976
27145
20365
20024
21378
21234
11559
16814
21654
15506
11252
2942
14528
3725
28888
27024
144
22594
23178
22859
10026
3672
6368
25025
5028
18073
18765
20006
14767
26116
15528
27783
11642
29981
18990
9400
11987
3720
21451
31631
28560
7126
24469
22095
6445
21663
27289
4711
21942
13265
22747
17757
24551
22343
9880
14597
24211
32158
16078
30710
3906
5700
6911
32318
1054
6097
4145
25173
30992
4251
27961
2640
1062
9604
20025
16727
9528
29463
18792
16729
30923
1236
22801
1278
4661
22215
9951
30174
16642
5472
7255
19184
17815
3966
23718
11077
14613
3789
2973
26870
11392
2642
1530
26715
17185
26436
28393
1917
19496
15390
14026
6606
8086
18930
32565
19480
16986
8192
59
1204
5562
7559
21231
5116
5621
17883
17702
18690
27687
6840
6778
16003
22380
28886
24213
29718
12616
29373
11436
1961
4423
17883
4169
9006
21472
1492
25422
29330
2207
2585
19767
13807
2948
10684
18335
17410
19878
29059
19461
4319
4379
59
3793
3299
7196
32078
27538
28651
10085
23960
26250
17603
3035
27255
26476
18658
29553
16161
4452
29780
4428
12347
23640
15863
9510
20903
21358
28650
19952
3741
7374
8259
28603
2045
11945
8704
12504
11491
21882
577
21054
16764
28555
26036
26413
18457
443
23120
12305
130
2432
28998
7337
29069
12328
13620
14696
12527
17252
20636
3100
23889
5894
30870
9165
32423
13322
28609
24552
16573
30931
13695
12957
15378
3768
13666
25221
16618
22719
2785
3976
22687
16296
11600
32510
28984
32558
6159
29460
26428
22665
17153
4465
25033
20023
32575
7450
13536
19708
3086
1939
15875
26152
30735
7496
28418
32536
8886
20779
31506
6655
29181
27549
23071
7143
4186
8338
5731
13298
18158
20720
6200
18406
18431
31545
25642
2536
32168
8042
32593
7048
12495
6691
28126
25086
7256
15111
32755
28595
16536
6758
24760
9988
2829
29210
7083
31298
9804
32174
3127
27901
1594
9670
27529
14978
1151
31418
28831
17826
8504
17029
13985
13749
15340
7646
23925
25823
22722
2212
6286
914
17905
14719
8196
5460
13687
9413
14314
10947
7950
9882
16860
31958
32348
6236
3287
19813
16746
21822
22349
12524
31575
29234
14201
9612
12110
11533
24049
6994
18357
22245
26234
20924
3495
15806
11039
11897
13477
22886
19845
29041
20104
16286
27257
27141
15290
9082
11211
4504
27558
25611
11359
12110
365
28219
25217
26899
12507
30199
1145
26080
26521
19092
7007
25913
5796
19051
14385
28667
12285
14791
32547
1620
11427
258
32054
28435
11966
5610
31756
3106
5149
5225
18427
22608
3298
19046
7264
29268
2684
15078
10806
22799
6870
23671
27879
15634
974
5838
16737
2912
13033
17327
29549
5493
21829
14093
13628
31367
11215
4723
13635
13835
28597
26530
17994
30587
23327
28284
19903
10071
10778
21024
27727
15722
10196
22871
5304
19534
7183
28207
1240
26162
11472
18661
21770
16091
2135
16904
4531
12009
27476
4060
4888
31836
22360
29437
1907
3158
3466
5700
25413
25122
8603
9710
11245
3958
14588
25083
20602
31221
19022
12245
1214
6648
28954
28466
21155
5774
10690
5691
21955
25282
2487
22766
21810
16412
18413
24513
12190
19050
10636
20872
19867
28863
9961
13464
3640
32701
23732
27437
25046
8464
7539
20233
1850
29755
14126
12382
7904
9367
16748
15342
2194
8344
1887
3185
16186
22099
25180
27447
9973
6461
6286
1038
360
5430
5098
4198
31831
29382
1381
15795
3699
4262
18533
21267
5748
30338
6774
23089
28776
25853
31551
20329
30027
9974
18612
7469
6359
2057
27533
26279
6557
5209
10230
26015
30549
1421
26248
24480
9075
281
2424
30294
8187
3007
8718
22331
149
22101
6745
3699
484
18376
10018
243
11028
26721
5662
20969
11698
4679
19559
14168
30657
2886
2349
515
11274
27598
16553
23693
29875
30527
9043
1502
25619
18787
9557
2761
22469
32060
6719
17131
4603
12545
14588
5334
32021
2915
7173
17775
19827
9748
4564
22164
30087
394
20892
14594
8238
26113
26679
21878
9536
21951
29024
12563
11365
29851
28962
12548
29227
2240
24976
16738
25430
30895
18615
25432
632
27267
27345
26245
19393
26745
27836
20897
2839
11951
31402
15972
22633
1580
18201
11427
11841
20769
30214
4285
20121
11374
18525
8501
27120
19048
7093
10144
15517
27354
4666
22722
5730
5194
30442
30708
68
29309
12805
18888
29850
32317
25022
6640
23909
21081
27447
22620
19679
20974
6060
4515
9303
997
4591
18084
7483
18365
22548
26477
26743
18314
30061
30044
22525
19262
6329
4227
18085
20776
23192
29777
12856
4026
18498
10095
15303
17551
1657
25321
578
29869
8380
29838
2886
519
22718
8345
11829
14918
2582
18065
13708
17096
30264
19821
10865
1513
3236
6908
32396
1410
861
6788
2072
14000
21405
5802
1082
19159
28359
27281
5009
2534
16285
20038
25870
8668
19379
16988
774
3979
2339
24275
30341
1179
15491
2367
13542
28371
29460
22053
2976
1172
27964
6569
32355
31398
3383
27494
19300
18232
7689
8606
2549
5665
1719
1939
5976
21100
15798
21300
17877
26900
4260
7676
522
10508
5174
25880
25219
25730
20594
21704
21898
14181
32030
25351
24896
5925
25208
32110
10733
4026
12839
20054
12949
20967
27762
23869
3020
30400
9648
3691
25802
7274
16383
17876
12994
16418
27961
12609
25200
31104
3364
32171
18418
31485
15337
31719
16600
31668
9416
30857
15486
28261
27913
19202
7834
10687
19254
24587
12305
26079
7815
17223
4623
13076
6814
27683
26454
19941
23412
20994
10198
29781
30100
2967
21118
8293
22151
32145
29011
19419
2447
23678
9151
8514
13464
1513
9003
15922
24939
29894
30160
27345
26405
21777
17353
27290
2023
31409
621
19037
5840
16290
27101
20359
14888
3411
26841
27812
7646
5453
2776
24354
10805
32022
1111
23128
4794
341
22897
25543
20857
21558
21168
17567
25200
15120
13347
13445
21316
12102
27312
8595
31539
1643
9132
14752
28490
26025
681
6338
1752
1123
27023
16658
1058
537
1775
16303
13656
21388
7827
8966
8648
2851
16474
9808
5970
142
24899
13915
11292
7081
2759
13198
2183
18083
5228
5416
3425
19295
7063
20936
10844
8218
11681
12594
30910
26447
22574
27472
28251
9943
5050
14455
15552
31317
15477
14060
12466
17617
3409
18855
9687
9635
20825
21590
25266
13459
16196
30885
28885
18750
13130
14525
17745
20924
15158
8970
19826
31871
10429
27458
13225
14718
7694
5283
28874
22163
18602
4476
32119
15138
15990
31726
14300
1788
12558
19444
20894
6275
27485
11937
23053
15886
19819
25257
14497
5775
14965
15907
11172
25971
11587
16781
7980
24009
26294
23569
28748
10407
27297
17670
28811
10953
16089
3770
15765
19836
8336
22127
16689
20154
9182
13731
28019
23703
29089
22677
2355
32732
6023
24068
8382
6641
7785
25658
28362
31232
23259
26441
20912
19799
11265
21653
8405
28430
7332
30610
30313
23274
6788
9167
16725
18306
14320
16436
13166
11168
11157
6024
24559
13034
660
4661
7718
26050
14551
15696
1133
2154
11172
17108
3932
30060
6770
14126
18749
30521
10748
24575
1472
25872
7573
22557
1521
1825
15035
13531
6246
1523
2798
4234
2493
26883
28611
7743
31046
26798
15668
10967
26108
5968
20026
12089
1978
9646
18334
22491
18603
18065
32011
9608
29443
30132
11369
2912
26348
9696
870
11808
27843
6742
9045
10403
30597
28525
5948
31145
27524
5756
28712
32472
15711
18682
31684
8448
32048
14052
18730
5539
8711
29791
28665
22965
10648
27295
19880
18848
24624
20487
11546
31371
25838
27538
3186
14556
15919
10097
29992
20475
4682
14070
6749
32601
22654
21424
12651
16562
5672
21976
14529
17295
31801
11243
8430
16910
30952
30105
3067
4837
4516
17886
5886
7333
6477
20591
25068
3644
5795
1623
18863
190
28415
26082
2168
26213
10561
442
12375
27350
23817
848
13321
10405
8746
11389
29201
22556
5211
7274
30218
23352
16176
23469
25659
19189
1609
29620
17260
27083
24010
5479
6392
8057
26378
4873
2852
25089
17808
12639
32175
12276
16443
5141
23722
32751
704
18781
2442
18790
4954
14553
7804
2720
20668
31163
31736
28675
3147
21547
21657
146
5258
29161
11052
29620
17365
563
30471
5175
26451
21737
25244
21652
4646
12527
22605
30837
12516
27091
20866
30580
29003
30895
7161
32038
21040
7249
2398
10840
28601
17562
15644
31640
24524
19748
3186
30968
12999
19239
9417
4878
27762
29342
27717
20799
2354
22181
20634
13630
25471
2342
30753
30671
3479
23988
2347
721
29556
21431
31637
19579
22780
27594
10396
30694
2169
27745
3315
24267
17736
22959
28947
26767
22229
9415
27603
21116
16327
22017
29496
19794
30071
13983
28558
5118
11175
15792
1207
24489
2161
17461
1476
23796
21629
17539
18114
1666
31607
10472
16598
2232
28864
28049
15501
4800
19556
6571
30317
14548
13389
21449
29136
19385
26038
5510
28146
18825
29410
17003
12616
19382
2317
9747
7955
5708
21155
7564
19254
11382
18864
28673
68
3652
3735
6806
27614
939
5896
5012
25916
6350
18732
18630
521
12155
22306
23843
28020
18937
28335
27052
13700
29441
4401
17816
683
26378
10197
6575
28063
25290
10250
17140
26469
15097
23606
18566
26542
8536
9383
26824
21863
15090
17612
448
23948
27553
4261
22717
11325
31445
3704
1341
15379
30097
24774
781
12212
29110
3197
12210
27045
5764
28527
14088
22112
3678
31491
13097
7335
17869
1834
912
10263
7112
20885
8063
16896
26419
32038
26525
11380
30117
9636
15076
29598
26478
23474
21178
26965
3289
7426
10846
32497
10414
7366
30086
29022
15355
28775
27207
31599
16148
29818
25140
628
27609
32240
5834
28942
32055
11148
32012
13378
2034
27547
1130
3789
20641
2527
15591
14007
17146
22988
10363
28971
28239
20727
15286
8326
11097
9675
20903
30894
20277
18045
5884
19877
4012
15427
12394
12382
31927
20161
8272
19919
13122
31684
12183
17479
11569
5939
24028
25346
21153
10051
7377
2043
12400
20713
23264
4097
30719
26773
8466
3341
11318
31517
18480
14035
8137
25335
2344
18839
10426
15788
27825
18242
11552
21897
24114
20149
27942
21400
26080
32093
11862
19919
20007
3847
11288
1414
14412
12278
29045
27183
25680
13619
33
13377
12311
12069
26809
11381
4554
2657
14409
29493
4473
12995
24337
23633
1541
27838
29833
13045
6461
22768
31906
31192
22343
22010
4687
31669
19778
13454
6980
16383
31529
29130
26877
14289
7418
27588
27395
14116
3864
17510
22123
3652
20974
26236
26271
22405
28886
24843
7009
19761
20537
3300
6156
15302
9975
12410
2077
25694
9993
5617
11507
25455
6501
18295
30931
28596
28961
26071
23343
1387
6620
19787
8744
20929
1370
31890
5457
29323
15470
29251
11702
24118
30493
29793
3869
2049
0
30255
9867
5225
26346
4166
4618
12773
18123
16100
13738
27092
8916
23175
8646
32180
7900
32443
11912
9364
5891
21296
28847
15564
23189
27407
27536
17899
3633
11918
9307
14065
31018
707
31392
1215
16941
9141
27154
27851
24356
25785
6538
22552
15451
19196
23375
27238
24289
13916
660
4518
1586
3196
12866
10672
4370
6679
2296
2104
10684
7828
20048
1278
32060
13787
1381
21062
538
5224
2194
14728
4664
18845
4732
4200
23549
31837
22610
31208
28339
21974
6483
18397
26158
3742
18321
4256
31151
20994
11765
19717
29192
27547
14212
4753
19200
29474
15328
15847
1016
27268
29970
8580
25551
569
646
3244
13316
30674
7511
16036
14106
17106
25038
6690
24129
959
21029
11522
562
27001
30352
24634
9051
202
15998
25616
30012
8765
1819
11403
14609
29236
27418
4647
11185
10037
16307
27340
2742
2693
25319
12033
29918
26360
16139
32606
10673
23047
10116
7743
27748
15139
29392
12736
3582
3401
30150
25061
25273
11991
17438
10008
9899
15262
23091
23769
5541
21816
5128
27825
14940
17819
5513
9575
14534
12271
2068
4727
6087
17309
20792
26560
19981
9641
9917
21885
5689
1089
9188
22646
20031
2198
17391
23160
26127
6890
26084
14082
8565
11498
15759
30785
12605
32319
21958
24638
26524
3936
2033
4695
3019
13994
3273
28908
4341
2994
2655
858
13395
7386
17248
30765
18070
8994
19352
6033
9349
10305
26038
14858
8935
21237
28239
5989
29091
19863
30757
495
14886
31474
32168
25060
32005
27989
19389
1322
29411
21479
2495
5951
29846
21051
707
21873
11909
30244
5153
21325
9044
16331
25904
25433
16836
28670
19536
30726
4564
4299
1326
4320
15661
27726
7235
2056
30396
26055
13214
21476
1441
26863
1252
4373
30536
25485
17557
26793
15573
32068
19088
9874
14278
431
9178
5207
31187
12464
29083
27658
15385
26884
14697
30586
20856
24859
2761
12201
6202
25127
7667
28801
12021
14708
20438
5314
28850
21495
8028
3647
31822
14377
4079
20042
19233
21014
5436
4717
6878
17840
27703
26971
11962
15210
1375
1061
11217
23298
25667
10161
5317
26782
6213
21097
10408
14363
12958
27184
10524
27298
23970
1690
19384
10876
31045
11100
23214
22823
24799
1793
18603
25513
15916
2527
15359
12580
3479
26954
21758
24491
14264
25351
13222
17236
25627
21763
130
23438
26947
32069
31949
12981
32238
30242
24027
23524
3995
17072
30645
779
25162
32637
31492
17217
23939
2944
18992
14171
10905
15695
10696
30909
2096
30867
20517
112
30461
14265
6218
7797
9165
24043
23567
31577
13001
25919
14719
22538
20472
15662
18302
32745
10501
27975
32175
8480
13379
20516
21396
32566
26862
31390
23287
13281
19636
9021
22921
29211
31347
7666
9674
32631
1605
16393
19240
22454
25274
16473
14699
11925
11108
26558
848
17386
30873
9673
28788
15855
8308
23989
26228
32222
2333
32669
27987
8894
28746
16877
21276
11900
19462
3863
13000
317
10418
31623
25185
7923
10313
22488
3176
29486
1768
13128
30837
1846
18573
25193
18205
24150
29726
24090
9496
27770
32686
3766
14755
23293
20989
22411
21540
4028
32061
30350
7437
10863
5916
3148
19970
27705
20990
24612
13630
15741
15242
13492
2099
17908
17513
16529
18800
19196
30026
7995
17864
18483
29994
20048
27825
30277
17618
2815
2026
13314
21409
9152
5729
1460
20875
4674
20051
7855
25186
29093
2741
10537
5716
9450
10195
16460
19382
16808
4919
20618
24064
4864
4812
21041
17944
18642
1859
4671
4051
10033
11702
32119
