100
6493
28426
30982
16950
22702
2274
97
6336
19839
1628
9317
18076
10355
12580
13664
4847
11246
15004
30079
29763
32029
22734
4591
13601
1591
12196
14147
18146
19970
23131
17686
14018
26776
10549
25841
31030
25963
26478
2159
32640
24199
15730
4766
19328
3351
845
12457
30157
1835
5987
9652
23044
2744
3425
3592
23904
31200
18803
23920
907
27764
23480
7394
17844
31416
12275
11106
24546
9574
25987
1572
2184
32501
25493
23537
18009
31258
32152
28619
22621
400
15345
3796
25669
15637
7408
7532
24316
10165
25091
32666
25470
23370
15658
24749
27629
13636
29355
7715
8418
