1000
13290
25879
18304
16299
13676
17422
26724
27362
13397
18152
23905
7823
16295
5927
26173
9834
4872
25969
1626
30817
3197
6210
18580
30954
12150
21215
31341
22935
22795
26763
8808
17898
2437
4092
13746
21100
26400
27408
20743
25081
24079
14013
30932
30046
449
14150
9369
6438
4963
13493
6546
26032
20902
7045
22678
17797
30146
5535
9023
30185
443
12168
23627
30128
17378
24024
18242
22099
13216
30446
27481
9027
2927
29922
7575
21373
17449
5051
30262
31071
21893
8162
13644
9402
24542
2263
23211
11048
9015
3107
29957
19104
26493
3214
27732
23111
14859
27025
19320
32137
9332
27406
19746
3433
16508
5439
12274
11285
19815
30957
5596
14014
10871
21474
29392
2470
23216
5536
20122
19067
30174
7251
24071
11491
10969
15877
14153
25944
14088
29201
9628
15926
30500
11994
24618
786
30014
20412
10284
13902
6148
5955
4691
17642
22336
8603
32614
11421
6561
23368
2092
18469
8126
20503
24716
13787
8280
26197
30195
3210
31199
23102
19702
21121
7480
3512
25145
27367
5566
66
4751
27983
21127
807
20066
7052
5352
32247
7254
27079
10299
22327
12073
19663
18143
21848
4830
17071
20609
3046
13594
18822
13722
10498
19662
14483
15417
14098
25878
12176
515
9911
3937
4161
24440
13568
211
13900
4216
477
7911
24907
17925
27350
16217
1312
1354
32252
8003
29832
30684
6432
21894
6644
4417
2372
17515
12948
11695
15951
20106
16308
3605
26373
21227
8779
21856
2357
13420
5329
27383
27188
28770
30546
26247
23435
2179
8641
26886
16365
17412
12430
1778
23660
3070
32634
10202
18924
26390
18091
32544
6871
22621
3579
509
2322
9589
27286
32453
16432
18422
15044
14701
6118
3599
21507
12618
21183
11889
22361
29723
13585
21352
8168
8778
2096
24907
32707
2159
24033
31767
16128
29206
10258
4183
4367
6594
30920
25415
29770
23090
32344
28216
12236
1250
4058
2358
25479
469
24027
10473
24209
7314
6994
13241
12223
8813
13013
12853
9333
13831
23565
24246
10684
31768
9576
22591
17301
1388
17933
31912
3726
6700
19477
11772
32658
19039
31480
1823
22021
26544
28229
17332
29713
19570
21655
24381
4410
5089
22212
12164
31545
10155
32599
32315
22791
18095
13889
26079
9272
26884
9419
30178
19594
9533
5583
25096
14782
31467
9768
16658
8102
9828
22887
7834
22656
25027
26311
25662
14722
14128
21092
24064
5558
18530
9895
24045
25352
12129
25093
17149
13726
23697
27881
26427
1383
5612
11246
14629
29175
31631
594
1110
30866
13688
22696
11618
20614
11918
31692
25858
25022
225
26652
5745
2453
30516
21733
5397
8680
18361
5148
19810
32367
27675
6735
31996
21581
15041
17114
13851
16357
9554
9310
12852
23792
16500
2415
14294
9420
30938
24973
6098
1815
6525
15958
1438
28797
1833
12537
20219
13262
21820
7150
14038
2388
6059
19685
30572
6243
5701
29436
12210
16177
17724
17716
16372
3304
9953
27942
22972
8698
31407
2546
18165
27317
23947
24441
11344
26647
16202
1484
19175
31459
20852
11491
1313
25844
21319
18579
10965
29906
24319
14522
20658
3971
7253
16829
14046
3236
31814
26932
733
6328
25109
2787
20661
4543
23955
14829
24399
4619
23198
16964
23585
7503
27112
24164
4618
9209
1786
30017
32637
20673
32632
29821
6114
21634
24486
6879
13369
9289
2091
18177
30465
23980
20757
7752
10072
17758
24094
8217
18275
5120
2093
31050
27120
1337
32
11223
2906
23816
3785
24279
29101
22361
5686
27310
22539
13783
14390
30083
26959
24578
17944
13301
19951
18817
23990
8713
20775
4793
22451
18535
24916
6046
27392
25031
28574
24777
10661
29862
29401
10956
15038
13629
4525
30658
30147
17331
14325
24362
17165
6802
7014
4085
26006
16760
29553
14557
4609
6159
26730
19193
30426
19774
32233
19086
6686
22177
31857
8745
12286
31799
7759
11242
20192
19547
965
25891
9383
3062
12904
34
4404
30450
9159
18506
18988
25842
10061
3177
27644
9792
7017
837
7195
11526
16875
24184
8335
22210
13234
32638
4275
27124
14212
781
823
7193
61
5796
23912
13277
5676
19559
10162
7053
28602
24874
2915
30667
32076
10444
23985
5765
11371
5318
23551
18984
9763
2307
32092
1296
19624
29427
32077
18756
15424
22235
972
16480
21340
18287
3728
4050
1544
31650
32655
15689
134
30397
29890
14187
23862
30382
19752
22215
29114
7331
32525
27402
30550
984
9100
10357
4765
15021
23379
2446
32330
20988
28838
30998
23916
30377
23207
22588
30918
18811
1492
13584
27509
26922
1489
17722
723
25273
5224
30956
21916
31749
462
14869
22095
3231
31271
11224
25815
22743
17485
32316
9067
8985
24013
10789
4787
26493
6195
10627
14636
30105
7048
32713
22989
23706
29208
9889
32235
23955
377
13021
22106
22548
5320
17841
14293
25855
23606
7712
13983
5015
1475
24245
9579
31962
21322
23411
31610
8465
20926
1038
26115
17317
5555
15964
2263
14644
8480
17670
12869
23524
22115
24195
1595
6647
7301
71
25775
21152
6336
12855
3901
29973
8510
18017
21010
5606
19748
14570
13320
28301
17871
19527
29202
31558
15709
13744
18907
11041
11888
28114
22442
22101
18734
31173
2953
28375
12685
16445
31142
7979
29389
16132
2553
19323
19526
13480
19239
10470
15203
4721
27815
24346
26351
19093
9251
26661
20367
20143
545
8840
27024
21102
31202
18829
995
9866
8330
18395
8294
16381
26498
6216
8550
16239
22043
10478
28769
3314
1652
29825
528
23535
27037
17888
23460
11104
5884
23017
32081
5696
10992
21394
22025
2112
30901
13877
9354
10940
5000
23084
27034
7661
29451
3998
20369
21088
14058
25496
11033
5799
19903
15200
31026
11598
819
14854
32377
32529
14694
9275
27561
15691
20882
13926
11106
2226
2027
8437
15657
28738
18121
7921
16817
23671
13576
23254
7256
15039
943
5537
19957
32047
16081
17450
27857
17013
9649
5812
24051
14862
20009
7875
13217
6329
5965
1838
21795
12587
12107
4724
21450
1284
12438
21331
4401
25090
6723
21399
6851
24436
10163
7473
24189
20466
19314
22920
7413
31564
20831
31508
15516
13504
27661
9512
25152
8560
12650
17935
29397
17171
19102
5979
25204
6890
23350
30842
29860
30965
25474
22410
20953
19304
8763
7278
5690
601
14697
18978
