100
32756
12939
24109
17221
1402
11795
23438
15993
28691
14053
20352
32426
1456
29887
5660
13720
7902
21643
17650
19877
15177
23255
939
28646
16255
31365
22509
12410
16375
17348
26751
21786
32082
32575
31662
27122
30176
2452
13551
6319
12390
775
21957
30170
9247
10104
1509
14436
25088
25234
26265
3970
25408
29766
30050
2747
8472
14711
481
18494
22984
27895
15095
23930
9946
29875
5932
11753
18602
3882
7245
9260
19238
29988
19033
349
26579
17312
11679
13985
18705
16910
23584
31996
4767
22718
25146
8042
21345
19353
25224
11051
17505
3343
27908
31326
30997
15696
20846
19665
