10000
6054
7186
4616
20396
31900
14052
11442
25995
5031
18702
19605
28154
72
13977
6632
13162
23042
5263
728
9054
28697
28083
15730
22721
31386
16239
8387
8317
23707
17166
6462
11337
23492
22315
15454
26562
28943
7529
16268
9150
5835
8293
22082
3037
14311
5609
15217
6753
9325
4451
27168
32319
12109
14997
18774
10101
22876
23693
20283
28063
11676
24792
24442
1221
12990
2803
26857
13432
5605
2050
1644
1309
29357
9924
10007
22408
23660
19399
402
6861
3256
30168
22210
5202
23337
26302
18341
28201
25183
17448
17022
32669
30279
17635
19251
1035
20379
15952
8947
13300
4264
9750
4891
29775
1876
23572
24411
4132
20575
20634
8981
12374
16361
23256
7685
1473
13109
21398
13351
22916
12204
18470
9429
30624
29477
22935
15664
10179
22883
7212
2498
10334
15071
2828
19298
24573
10440
25659
13143
14552
10825
201
10944
23205
24330
32074
10547
14001
11001
18054
24228
6703
20298
24177
13448
15056
5308
27997
27195
29076
27423
29550
20639
6111
8723
11854
26887
15055
7954
1827
27475
6349
13489
7358
30556
7522
32546
15893
30098
20300
27134
26868
27363
25810
17217
8431
17375
29268
32663
12955
23322
26406
5078
14078
16082
19615
1995
27459
31186
31596
9785
12466
25494
15146
28191
18656
15280
53
10554
8739
5227
15290
19403
18505
20653
29204
410
19850
14626
2901
3131
16314
27798
4642
22160
32196
12195
21701
24975
339
24461
7293
28229
28882
3178
28440
2331
3479
32390
3780
23129
21083
11013
11299
24552
21998
23498
32413
29788
17960
3736
14074
18226
3875
20343
48
10837
679
4698
633
22759
5094
20478
7337
6975
31594
27157
18367
27694
22347
6820
22714
903
7077
29354
5294
27102
26441
11266
19222
31119
4275
21130
27244
28931
32573
2181
17143
31278
9362
27198
27621
19292
10852
21743
32409
17710
10338
5344
7238
12767
30308
16083
29117
2508
28393
14496
11651
24884
13764
13597
7207
25404
22290
10048
24274
32310
21103
28808
28704
9506
26218
20120
27438
19061
12342
19494
18677
30746
29602
14611
2006
10423
8010
28123
29045
17969
24847
24112
29387
29042
24262
16098
14967
30570
26413
17154
4437
5971
12067
13383
8530
32314
28440
27312
7807
7099
29890
26475
1636
13324
32017
5878
27030
21309
27238
32388
29580
1469
11008
22690
9390
31265
25526
25882
29359
28705
13036
28696
17181
6371
8128
21643
29750
19581
2436
32206
26622
14517
11121
11400
17806
27914
2201
721
25775
26617
21534
7062
6055
2425
10658
12606
18259
3784
10750
6029
5494
31593
20535
3273
31057
4974
4782
9756
2676
19187
9366
23354
28115
20203
27563
30019
6428
2847
32289
25835
24648
20851
15579
17368
369
1643
24030
1356
8931
30447
31493
6659
30581
15179
30966
2911
32026
19322
23124
20930
2483
10404
21303
27195
6695
16357
12505
28518
6070
27216
27026
14733
1930
11828
26886
18963
22671
9629
27805
1555
17285
11806
1075
1092
29012
17870
2833
29216
23455
14737
11548
21573
7067
2201
19533
9755
6946
8492
23137
7351
23555
23207
31442
4351
18845
20675
261
21775
18604
1047
7877
30940
31074
25566
22256
16919
24506
9467
2160
23381
26121
2618
9581
32364
28117
473
27329
7712
25323
15431
11181
21247
1196
8235
1482
3977
22952
16296
4418
24468
366
13023
24895
14063
22689
31670
26788
4934
9039
22232
5884
30021
12671
7678
16815
29952
12809
8044
11644
30099
10155
3774
19491
15365
13400
29412
610
28019
11987
13676
2595
14442
13949
14079
17652
11668
14700
3375
4791
2967
8380
19824
155
570
5930
2403
25675
12490
7646
24667
14181
25532
25481
18970
18221
21907
4528
32475
3203
30468
1096
8342
16402
600
8066
2431
32459
24083
14312
25551
4754
4819
16553
28360
13110
22650
13361
5363
21415
32399
27389
14253
20323
13282
21678
21473
3122
29039
18268
25623
25619
3205
22828
9134
27510
13352
30757
5989
26539
23987
13375
32545
2459
25794
28605
5354
16566
25166
27069
15670
14892
32538
22286
3178
24672
17742
32065
17822
28314
13666
1027
13984
27899
8766
28842
5436
10423
6304
13
16827
31870
21949
21145
4778
32059
4395
7841
3549
24321
7678
23798
12979
9794
10034
9144
14746
31043
2889
9067
27862
9676
6964
31309
32383
12068
16503
20967
32713
30781
20105
31459
23945
24107
889
31517
1524
22234
31703
16893
7081
26625
7634
30467
23026
2642
16286
5795
3654
19700
3353
20820
19219
19762
28845
24804
14267
22133
888
18446
8668
15983
18602
12366
13269
20890
14383
23028
29830
25569
23695
21112
29783
22940
2066
25869
19323
15554
25895
31096
19830
12890
26118
21795
5596
25651
22421
29293
21084
13013
7048
25157
28158
17335
19917
27639
425
16307
22823
24389
11752
21942
16153
19642
16877
21948
5893
6203
21463
30716
2197
6623
11824
9311
17754
16641
14010
20023
17843
28051
12907
14382
19697
29620
2742
13436
30904
32133
30732
13662
24488
16185
13731
16835
829
12652
8822
8776
6388
17846
29581
23142
28336
18815
23422
16874
28251
27413
19252
21158
1232
5371
12271
32359
28665
4997
21132
8487
14388
14497
15367
25475
22780
29176
17214
8559
23749
1334
10231
10536
28711
26277
24357
26218
12351
24065
29799
19940
14419
28040
9426
7401
12980
12112
5872
16744
28905
7389
21512
32286
20233
29939
26272
7946
26217
13225
16961
21025
21367
20671
22650
30788
4838
14385
32551
623
14860
12556
3060
12083
3720
9857
18716
15462
16679
1848
10103
24857
20489
12007
20915
9162
21503
3618
1249
24795
15672
1141
21044
5443
17181
8368
11782
16772
2937
15234
28700
30941
19677
8265
10539
28864
28739
14377
29083
9350
30193
27483
5514
24930
8608
11464
16916
20115
12766
25559
6098
17886
9905
10371
18080
4156
23421
1456
5796
23248
30759
13759
652
30747
32123
3424
18198
16755
28875
2215
3030
11441
27353
11875
2356
27179
3576
15787
20404
7906
10093
22969
5242
3836
27
10236
9997
19572
8288
5224
29787
15888
2874
12305
15101
4755
13486
24056
21693
29748
14186
16932
14677
4176
3497
9973
7802
18268
20823
19638
22809
6429
18293
22385
25569
8475
15040
20231
12033
14163
27021
25983
7475
2348
2808
30623
20985
16044
12093
31673
13606
32748
32614
21192
20385
28361
8231
12220
25958
26845
15366
2321
28877
9646
30910
18598
25359
1316
23526
11725
19974
8769
25294
5534
23348
32268
20906
7570
13319
22222
32242
21581
16219
32641
6152
27834
22593
19334
14364
10077
25087
25238
12877
26085
23896
4347
30224
7425
25357
26624
31958
6261
10147
17062
3049
17773
27751
664
19863
30481
432
6497
1427
22873
15972
12765
25752
1571
4285
3565
16207
28803
3149
27759
11379
6746
6464
2926
20019
18474
10466
6805
19160
10024
4961
12778
14503
6547
723
8377
265
7493
3962
10445
32489
136
28999
31206
23646
22826
27294
360
29578
29140
20569
25169
14018
8599
21263
10605
25582
16840
28054
4557
1843
13838
7366
28021
4304
15033
17536
1621
582
27989
26095
2939
30396
17279
2830
24198
2721
25592
2923
21854
26259
5624
3626
17442
29056
15045
27980
25442
28171
1411
24114
26255
1841
25934
860
22191
4140
21894
19319
1365
31639
2154
16791
11217
19924
8169
12993
2724
3755
26804
19628
7479
32307
19352
6600
13772
4342
26891
32384
5556
30544
4869
7100
21954
13336
6417
15019
13057
1666
6819
9663
5026
11076
21420
4857
22584
14584
5996
870
19752
7106
28039
15338
20570
29746
1372
15164
32565
23916
29586
20786
203
24198
28147
15167
16464
2865
31102
27194
11217
6044
16055
21856
19234
25493
30786
32413
17177
16626
12208
3079
6393
31023
15513
6827
18993
22104
14827
11917
3143
13097
25985
25578
18703
22133
7672
17856
11040
7620
29374
28049
20104
15168
31339
20579
27071
2770
25429
23819
730
17032
29278
20395
1281
570
25617
24186
18979
1645
25582
9155
27880
631
3585
26929
30440
26084
11962
14409
16154
4377
13560
21560
3215
15671
2663
207
20832
6978
17932
15052
4581
28291
27934
17755
19495
9770
13848
12508
29592
14904
524
16103
21762
20380
58
18317
30398
26524
12257
993
18726
7799
13397
25016
15180
15689
12114
17580
2029
9006
5520
22631
20128
18858
12695
22558
19795
26697
18645
28507
19960
31618
5870
6144
7292
13025
4947
6537
6393
2662
13590
3473
14892
4904
10493
3479
5161
12093
11733
28163
14157
17630
2824
10852
31605
11463
21874
26364
2925
24541
30321
11134
17580
10259
10555
15126
16190
22670
25205
11690
4609
20744
22017
11872
10004
20594
3863
864
13453
23261
20119
17115
11626
13978
9117
22860
16075
17568
29270
17661
11614
14383
23827
10957
10010
29107
17308
10290
23856
235
19655
1658
31294
4682
11849
13142
18630
19358
9931
8856
7648
23535
24129
32060
23595
17066
8311
16805
8969
4607
9708
14634
32268
12423
24292
26321
10411
24106
29881
21338
14906
64
30066
23168
19993
30966
23958
23931
31787
3571
29763
32457
13705
8764
11642
19246
22904
18261
1725
29690
5785
27050
4572
32394
27744
7213
8716
3345
24775
18239
20281
9369
15940
16084
17309
5188
28152
978
1938
25048
16937
13499
16292
24442
17650
29068
4331
20154
24377
14053
8088
13520
27618
29801
23501
17445
2882
25192
4274
32534
19159
23228
27077
30708
30006
14576
25201
21071
7748
1448
21475
26996
16297
28988
5401
16436
31106
24999
24891
7655
19286
6048
30767
31921
22860
12038
11624
11524
4507
32385
22782
21094
17985
6759
24324
7541
3832
32476
16662
26408
1894
9534
28209
4439
15764
2240
17607
20606
25761
24148
31507
17086
8120
975
25003
30756
31039
27207
13396
20526
23121
32704
27929
20619
5743
23560
19871
22819
24434
13536
4787
22871
13764
23900
1573
27274
10448
21645
25305
29664
31671
10077
16155
15173
581
10681
28979
1970
18979
19190
8761
14507
25678
2413
811
30477
25287
18793
22589
25350
24205
4932
20080
25445
6600
31948
20326
31252
4679
16875
18293
16866
6188
20616
4602
31110
15590
19368
32752
16353
11872
18905
11457
25988
21112
21200
5467
30578
14003
24657
9607
26407
10287
26191
12150
29657
2009
9813
413
14589
11999
21028
3780
1549
30569
16798
23641
25481
15748
16354
11017
26940
27742
13241
3474
18880
27577
10033
25042
14148
410
29319
24612
1421
31809
3658
13549
11579
14430
20670
22642
5198
22402
6783
6381
16360
15060
13926
2783
21332
5637
28848
21415
72
11910
10589
596
19559
6904
26071
27320
20490
5860
9684
14013
21056
16044
32637
8701
26132
18369
18128
5004
27918
2327
17475
2584
8956
26582
16042
3637
5873
31827
23642
7922
13711
830
8079
19632
18562
28445
523
30260
3917
11768
29696
23546
21833
30550
16944
32204
10474
13929
10067
30356
6213
25734
3257
19055
5839
26584
15920
23298
28776
19028
5416
30225
28056
23791
24341
12877
3352
6927
789
3694
30356
25152
10963
1666
2735
21033
29355
4997
13384
26814
25871
18737
24315
11959
17705
1559
14059
2112
27841
27119
5567
32242
16738
1581
16619
4610
1208
31957
23857
30136
1085
399
15207
13091
27669
28926
25210
7948
16693
29262
31411
10024
18123
22284
32313
20625
21210
11579
21208
31351
22053
14244
12544
14611
6991
16493
31761
23773
320
31213
28629
31231
13515
25023
18254
1033
11661
23061
16563
20966
29208
27983
8885
7695
26449
28621
9990
22270
12054
29697
28188
21478
23076
17608
24627
16801
28984
23034
8081
23530
6517
31551
28685
18124
22534
1317
14290
7258
14596
1136
32097
673
23962
7090
1749
24027
13671
26395
32363
29414
26403
21137
16449
3572
11398
5635
13662
387
9573
19451
24563
4496
26143
22131
31968
7943
17719
1514
24186
10111
11330
14007
25740
27940
28676
22684
13724
23284
29654
5278
7535
31023
7242
1300
13519
1544
21778
13311
13963
1697
11806
21401
9664
25654
21509
25905
10583
27033
26534
16949
16591
13534
30991
15249
13884
29015
10654
17207
29072
28099
14693
21503
4378
25282
979
2994
27468
32140
12177
11105
24001
739
5547
29180
3455
7750
9200
1312
31865
12648
16027
23599
6232
14304
25907
24998
9850
4898
7855
16043
12603
21166
28894
1254
23156
19591
26374
10898
14146
6631
27596
3284
6409
19505
31315
27723
26552
28199
27304
6120
29006
9565
23902
14848
21149
2029
2677
31647
23885
31341
30593
29216
7973
10782
22791
2810
28294
30566
9003
27101
8248
25729
3464
27902
19050
23667
3680
19375
14579
26177
4341
818
30430
6240
27446
1487
4390
24686
22174
24612
30398
29472
28762
18621
6612
30844
1194
19940
13911
18504
10633
5562
25015
19138
27792
25735
18412
20881
6168
23887
14777
31996
21407
12454
28722
346
9069
11716
10620
24777
2934
27100
724
27939
22915
29098
13266
9774
23181
14668
3823
18451
32617
15954
27462
7698
13483
4120
23447
28019
29124
12884
22161
3264
17261
3563
13393
31537
21833
25609
9510
3176
16069
30576
1431
31838
5956
24592
13223
32670
5497
15576
18775
9137
15891
14285
24685
5081
26016
4185
17268
5634
2475
8165
12292
21493
17704
3242
3651
17615
25619
7875
16812
19121
23123
27527
30479
22714
8676
19223
5081
13618
17461
19507
10902
11272
4815
6738
6324
17791
21304
2545
12682
21796
25111
16171
6809
29955
4504
8842
15633
16666
18194
6173
28823
26382
7144
11466
17221
24093
1453
11750
754
23380
18827
24323
27572
22018
16101
16905
8100
12396
9531
9609
19425
22722
4430
27981
7896
30290
13701
18740
29634
30460
2448
20029
22381
4326
5451
9697
19008
3185
25317
18342
25466
27243
23617
28913
14778
14982
6044
20251
13508
13832
22385
4040
11394
29381
16793
19316
31049
16970
4535
32335
22878
4444
19155
843
20409
23457
11333
17779
24584
1948
28117
7038
19447
16095
1824
420
13743
5755
1598
9648
19356
7100
14753
31063
24948
6419
12608
16072
6773
10068
23285
17284
2286
24353
15908
15728
26368
16038
6814
32296
19622
6024
28357
28823
1779
6423
10480
5317
29851
19147
2065
28143
2997
2798
28565
5853
27839
26006
12939
28784
9955
22486
6665
7803
4472
21301
10955
18131
24268
5471
28190
18090
19489
10267
16892
21016
4853
7549
29817
12795
32647
23645
11870
5121
20630
4360
28947
8451
17516
5684
11202
19861
30491
27194
11193
6363
30215
1151
27664
11678
11428
7987
2188
6558
3713
18751
22468
3882
8838
21624
28802
25839
21370
29721
7788
18446
10695
8048
2532
21617
21122
3287
5932
1886
6054
22758
16590
16460
11680
11751
28987
17398
31249
32650
8114
30127
14287
11995
13411
15093
7213
10864
30677
15688
24956
24295
4485
32317
23249
2960
22992
29134
29961
20326
786
4852
18699
580
24080
9848
9037
11861
15763
8197
9370
15821
15702
23939
24594
12502
28706
11424
6770
28621
14648
20143
3733
3503
21743
28342
23355
3790
21662
15810
32266
1993
4540
10622
32722
10426
23622
24836
13845
2225
26721
7155
15815
17762
16193
22466
4946
19226
14153
32596
27613
22776
14196
12492
13262
5465
18931
5538
22157
18068
16920
247
13195
1000
31090
18469
25732
29362
26682
2459
14593
25571
7405
21992
2848
26034
22331
28437
20887
7566
18976
4664
4855
32343
18769
32582
7726
11981
26073
13097
11344
13385
15876
2066
20375
13739
1148
12305
21416
27283
690
15843
29463
2772
6783
12299
1582
21029
2828
12836
3818
27674
31983
2165
17991
23635
6550
22982
3773
14068
12777
19314
28683
15700
14379
9150
51
13050
4385
26217
24006
32453
119
8068
8033
27754
13407
20612
23672
8740
13435
13206
13138
7846
14333
18738
28757
21333
9997
25587
14980
11956
19307
9894
26950
11039
29781
10401
26473
13757
4523
13398
18278
432
2641
21543
27879
7054
20949
8572
28550
20757
337
2579
6872
16666
30611
32664
12202
10179
17532
17782
19082
15094
25510
20716
5002
11025
2633
28515
6976
7132
3168
9983
2321
10684
7431
1396
32432
20265
28200
20763
21729
15969
29526
20549
5507
862
19449
6863
22221
518
6316
10742
23512
9379
16355
6765
7773
20114
26065
21677
9665
26431
7049
3981
20302
4433
2403
24850
27588
25121
6305
20872
22032
11633
24658
9425
26459
14683
22903
19966
27718
28295
7781
16668
32628
22689
14698
5968
27978
2826
18099
14631
1266
15822
28013
807
31398
14039
29739
6314
16171
21344
29832
22764
28827
17836
29197
10850
18536
23287
22613
4173
10910
23981
9326
16016
14952
26586
15747
8126
6102
14817
16568
376
10973
26994
17494
23286
8096
31926
22056
25059
30701
17868
14629
24942
22027
4729
9806
1950
25779
1051
5338
7397
92
9183
19857
23033
1468
1844
19830
20447
27019
6272
15272
5704
32138
22545
30346
13345
1732
10582
31778
30310
2323
79
12735
10551
27623
834
20191
26413
23619
29872
28495
29422
4104
31111
4244
20223
20086
3993
32394
2010
25072
18509
29515
25665
22271
7060
28242
28625
11418
26399
1761
5082
22949
28112
15775
12910
19383
27502
4486
30648
17184
4252
23548
21903
12331
31500
14400
23883
30112
32240
31240
27608
13453
20145
30569
23561
1350
27108
10742
13102
16811
17530
27436
31720
17577
7478
20494
17212
17156
613
26636
27623
8531
24521
25385
19441
27468
10454
25437
18565
20545
29473
32056
25600
18667
5397
11209
29256
19047
7399
15294
26463
10878
13261
29132
29752
6441
16747
28754
26057
21332
25486
8249
31329
29411
3613
8478
8508
32755
26445
1203
22613
10082
13331
22882
7291
14993
26847
18484
8103
23656
12935
18930
14733
32667
2945
14218
18033
6700
12630
14771
26684
12850
3667
23508
24015
10200
27522
17954
25751
24744
32473
25353
22625
14346
10672
29646
1392
22791
31609
22642
24781
25939
19627
3801
6879
3467
1535
11564
16443
32443
26591
23419
23741
18723
26139
4263
21720
9275
27615
5759
26922
13300
7138
6441
6228
13121
24799
17860
21256
10198
25161
15435
13924
815
12603
22716
16510
21717
16814
6010
13120
29149
1006
6384
6518
13745
12879
2168
8741
16403
10011
27259
17950
21598
20176
5593
27604
15887
2696
23691
32107
24197
5817
10119
9489
18437
18974
2531
9105
2561
16629
3902
29989
4762
18539
18780
14476
18787
7765
24848
3165
18280
22816
11871
22171
20591
3083
7138
10889
29053
31635
22892
16576
26780
30255
8685
13694
14812
9534
6294
321
5528
27198
318
24469
29690
7230
22533
6186
2497
14742
3127
24105
31298
25045
25203
14792
27309
11259
16908
12317
23186
11497
29103
7471
26020
16917
1862
29779
21180
29826
3869
23222
5153
2032
11843
20534
7430
2640
17460
23158
12372
30586
20404
26161
3242
17698
6910
21198
6562
27400
29470
23605
31319
15216
28316
22242
10532
8146
1882
29239
174
3538
3007
29975
22052
18546
11029
10416
2245
16775
8496
26008
10915
12138
17745
30492
9895
10991
74
18645
2006
27035
28130
4732
17874
26641
11642
30206
15012
6350
9713
17363
9656
27414
16582
22924
24617
15918
24700
20140
9792
5324
5699
25529
6711
7372
23252
26515
25666
24356
20125
1796
5072
11290
17694
14999
9741
6069
8083
18094
21932
6769
15059
463
6117
10806
29816
21823
27321
24459
2880
11218
22653
31496
24243
17153
21654
24329
20998
4669
21890
20906
22080
15491
20504
6895
24475
16433
30736
21314
18989
22808
27077
30243
29127
18642
8506
3355
286
31061
25179
1777
15400
11721
30342
3873
18889
13719
25418
31114
16559
21955
32367
5735
31611
23675
822
640
30753
4848
3297
18338
18065
356
6774
24908
19095
14724
32705
31147
21759
6905
26520
29384
22526
17978
19299
4097
15053
12708
987
21430
4247
5324
22289
25924
13973
7700
10162
4919
7544
9852
10634
17851
16903
22459
16200
30036
6409
30863
25985
31183
29285
21329
20215
17785
6024
27340
5658
24718
10503
29007
10191
14580
32645
13825
19313
6697
5080
31861
27669
24955
12903
29310
1811
17015
32214
14405
25538
12195
1254
11928
30850
15216
28566
32645
8448
1386
1935
5416
2485
1970
8126
29377
29872
22702
8003
9225
15254
13567
13194
14023
13031
26035
28087
29342
21122
22204
20296
17193
18284
29089
2549
2122
21197
4212
30427
16574
6715
7428
2266
17141
19771
12371
15932
30753
17413
17995
21911
19854
31624
22956
18932
20529
4782
31817
23088
9859
11489
16244
8099
23696
24014
183
30720
13898
617
28357
18044
31780
11057
23215
20531
30172
31669
10587
14279
1944
9047
31027
23626
9525
21328
20506
8030
4060
22004
26020
22170
4566
11063
23942
27696
11425
20081
1611
29389
27971
2398
28745
12481
23262
30825
28884
26208
13189
9258
26033
21416
27470
21549
19661
16676
8616
32501
1071
4111
239
31552
17964
5565
15422
22157
13786
17975
8069
29916
4039
29222
26075
23989
21226
7154
18965
23147
30169
10282
1431
18850
31805
27943
12650
19471
131
26092
15759
11903
1493
3153
29331
13595
9801
7777
12644
11242
29016
21248
25955
24727
3729
16849
23738
26997
30862
598
31472
24000
25640
18009
31163
25382
10215
29579
11285
13445
14268
108
30609
1527
2291
6250
30704
27148
29283
19277
239
7254
23784
19410
29284
21803
22547
406
4745
2726
26399
29238
25240
17135
6695
17845
8600
23484
18327
27166
29046
27416
31201
6762
21079
7524
25969
19619
26669
13467
31458
19274
16008
3290
26994
32247
32432
18975
9651
9535
19440
4944
18564
3546
14900
32384
23104
32517
4823
4719
24117
26662
23478
335
12888
4527
21641
206
5942
21828
24179
25424
29742
8480
471
22140
11230
19125
1646
27387
5339
29842
20886
18812
27301
2954
32493
14588
19162
7955
26399
23108
4777
6380
2300
15539
12426
6147
2254
12349
15916
29333
14825
30900
30383
9111
26243
17990
23828
10069
18886
5960
9970
2905
28708
26418
16234
13710
29163
20202
30300
9893
15385
31301
12251
15288
23409
5835
10207
13101
32206
8122
7738
30942
7608
11086
32462
32118
3125
7488
23036
7454
19681
25228
16736
22874
30785
6776
23739
27181
6229
20690
19248
27268
13164
11641
9396
9170
31036
15647
12224
15607
17970
14156
8008
20582
28935
26022
27889
11655
5780
4209
9087
18778
22503
5202
11660
8798
16022
1368
31872
7089
15187
828
7101
4984
29377
8936
1050
14465
19591
4407
17299
25383
30882
21244
19775
30070
24319
17989
1410
1680
11593
18657
24195
23887
30464
10271
6368
32300
7115
15833
31905
20576
26639
24241
7787
7753
9152
32155
1270
29966
887
10396
17089
10118
12229
17105
22533
30806
22216
8114
28903
12122
31739
25496
21489
7751
31314
19837
5315
22670
27783
19971
24326
8835
28590
4024
28066
23486
29712
21657
561
26817
4150
19669
28851
24540
2628
19155
4995
32078
2953
30837
15242
8877
12883
29087
28850
25992
30216
26611
5789
29002
4466
13279
18840
16481
26459
30426
1994
28832
5466
13034
31409
14050
10476
31594
29904
13809
10950
8970
30625
15526
29802
2839
21969
12113
1017
30717
17836
8282
16968
3850
30679
23593
28469
24948
1597
27716
10300
10398
20299
21943
15685
6039
4448
5817
18368
26083
23167
10124
14324
30591
8264
677
19604
17951
5158
30733
10388
28602
1993
20487
31546
3656
30167
243
28280
15563
734
31858
20345
28044
2702
22475
9594
30119
3365
21390
10971
29129
4394
1655
23670
26681
19806
12180
4911
19477
12016
29610
23500
17887
4080
2518
264
25912
12806
7024
31714
8170
20836
23348
15931
16940
25593
6052
2976
13346
22759
19624
21605
14500
27704
30840
18163
2368
25292
14267
2914
29570
17046
27889
23883
23410
23305
30478
30679
18271
12748
15207
2076
22747
10165
1746
6570
22279
27125
2569
12640
11793
912
30032
2693
2042
8977
30552
10772
25245
26747
9058
15446
18157
20354
679
28854
1406
2555
21752
18386
7239
24210
17570
1998
10662
24507
4500
19181
4260
3819
30660
23650
12923
16391
21710
22371
24917
20765
20702
15488
28759
2642
3793
28979
1246
14875
10135
23992
3336
25008
29916
7454
32631
1470
28391
29599
18513
30556
8642
32557
1931
10561
32155
22093
1128
25908
1642
2344
31292
30147
9940
14559
8822
6200
10831
14624
8157
19145
8840
28663
12058
19215
15362
26598
16503
22714
17919
18487
24294
4226
29091
10129
2117
29537
3159
27850
23264
28159
14700
12796
15416
29806
28416
24027
23811
1559
14886
26437
15987
11764
3649
30491
7355
21248
9137
23632
25296
27884
10674
1599
2924
28948
20352
31042
4953
2993
26816
29056
24812
31056
12571
10246
17616
5251
29484
28186
30724
27606
5788
4811
15143
29700
22923
18125
31476
10859
14642
29316
7689
15294
19911
12895
24556
762
7585
28007
23887
29851
11165
14872
13715
18959
17600
1391
25996
363
20766
12356
16260
1373
11258
5850
9346
4449
18222
14005
25292
9784
7630
26283
23978
8855
14856
21822
25197
21532
21070
16681
20144
5253
16824
8249
27614
18212
24483
10334
9204
19086
31391
28418
29576
12948
31368
4761
15627
24180
28146
8826
24907
16208
1738
14573
16699
25310
19003
31621
3319
5730
30671
30128
1027
13785
27607
396
2771
31607
268
13052
14737
25428
13686
30972
18458
30563
5773
26929
31562
6051
14495
27076
30585
4761
15729
11633
7237
8701
11817
13787
19858
8116
11371
20515
19920
1790
16067
16312
3453
5617
15427
2929
5098
8998
7021
8409
25921
31666
10323
16842
2503
23895
26108
28733
6751
24828
7946
19552
30288
26971
27034
6377
1607
27130
8812
22954
12448
6748
9028
16486
25313
27000
14479
23524
21639
17770
6730
15681
26374
2921
27680
1930
18187
13305
2258
7563
13060
3937
7388
25057
2786
9824
21590
15703
3357
4892
8216
24431
25849
26203
22049
27966
28169
27893
12602
4733
20721
27018
29654
10462
23919
5744
12861
27036
17821
1007
2025
23894
7792
9905
15408
32285
18821
10868
6692
16332
11293
23810
32696
29335
22374
17763
26660
13287
1532
15185
30090
24934
4783
4844
15833
16981
19591
12463
24306
23334
19461
6563
7689
8007
11692
21458
5710
30012
21952
11007
15053
16624
8526
11668
12179
26701
10348
30172
15891
1546
30146
4978
26824
16068
22345
10490
25115
27729
11347
4622
27270
4945
21708
9595
23034
22277
9663
26542
22654
24421
1819
16745
2586
25964
7864
3771
12787
22967
11413
6702
4279
22862
31844
22594
571
25794
4168
30490
7779
3448
26845
5750
24899
3396
3705
15329
7811
31801
16305
22316
17416
6336
26911
27418
12240
21992
19043
11869
7454
9213
27752
14529
27864
10076
19689
4264
19757
20869
25395
11446
1146
4210
25132
15821
25455
2088
23444
21820
8814
2699
10379
15155
11827
16758
15187
2427
10170
16139
15960
24163
7005
26696
9325
15358
13118
28123
3673
26507
26852
18232
10642
23861
31273
25576
27720
11261
9555
1828
21157
19956
28801
418
340
20653
73
15791
28992
25074
16799
20862
2206
5302
27384
3008
17709
29259
6320
11892
23484
11221
2217
19457
28910
32767
14646
31362
20282
10476
28471
20833
15925
26225
26501
25895
24340
30849
14224
13714
12908
7656
8518
16873
11069
27452
24119
14220
29487
3601
9719
28367
17435
20589
29636
10760
31437
28796
20329
19175
18185
8324
7522
29190
7371
17178
14913
15553
19155
14231
25937
5448
23137
19142
15992
18674
7230
8159
23394
22741
1787
9657
14299
14483
19069
27707
1405
28534
15546
28180
7820
20416
957
8875
8222
14396
8432
27737
28543
5145
16794
14039
11987
3320
30887
23026
25853
9028
17832
5254
23744
8386
3354
13225
32548
6505
26091
14887
11548
28275
24634
7215
23653
1972
10591
25419
31665
14123
12587
20117
25093
31447
13424
17193
19808
4299
20676
8406
13469
4485
1411
20249
28826
1148
17939
5707
154
8952
364
6425
28136
15654
17111
565
4798
30060
20469
14923
18532
17914
26628
14903
16540
1186
2142
19829
3646
22761
23106
22744
8480
22622
11735
31103
14648
15658
9838
4102
5381
27369
31752
3065
24362
13752
30232
2958
8029
8079
906
9107
12927
32722
5123
25509
3596
18722
5739
27299
21174
24953
16553
8034
29261
16502
1197
24994
27874
18421
22196
18241
26924
2787
10439
14767
11307
30289
16261
1954
13322
4294
17443
16139
31306
17370
14257
25416
8477
25600
11167
21403
4112
27300
25471
30171
17389
5750
17420
31081
21984
26117
13164
18022
32216
8335
20146
27939
5168
24855
6311
10713
22159
22457
1482
20635
29709
13627
2453
13704
9367
29924
2306
25925
20372
30865
22094
16811
1480
11013
6653
22204
21113
7297
19742
31708
10193
19860
10448
5438
27268
7221
12037
2460
24755
1807
12422
16427
2063
15132
29752
15054
5953
8053
25501
8329
11914
21353
24733
19513
31654
21196
10375
13187
21751
13457
26707
14859
4063
14236
26154
17638
5742
4561
25640
8785
61
13681
8288
6563
12953
166
5664
14208
19428
2908
25719
10832
24121
1875
32245
17135
15695
26226
1458
28070
25504
15199
32145
14171
13002
2124
10694
13060
4917
28692
19862
21346
14070
32134
9566
3307
1011
29952
16855
21512
26952
25665
10392
19328
9194
25720
24029
14132
13962
17056
15238
1806
6333
528
14691
3636
24921
27982
2734
14977
28706
10533
13529
24629
23206
32247
907
28139
8293
19284
32229
7372
27189
22986
16649
28931
22757
32511
25565
7792
10017
18430
18444
9633
8853
7631
31822
15614
16470
6218
5098
23107
20605
29484
6009
28724
5397
22891
29420
13452
16439
31431
1232
566
7539
8098
13009
11199
27250
12049
10109
21004
8922
23347
7499
4936
17266
26562
23260
9761
18567
16103
17536
13620
27534
18515
9980
3781
25610
13963
8075
31924
12208
16003
17698
22700
9673
28015
30456
12446
23001
4310
29766
3950
4478
25832
8523
15852
20890
32017
7572
4101
18100
6862
3962
4667
3228
26304
18668
11090
6478
16383
10607
1612
20249
5552
24930
22680
31233
32474
31367
22663
15457
1141
18879
30719
11989
20932
11797
14195
14166
16101
16638
9490
23463
27047
23519
23615
4849
20635
5840
6466
23210
9326
9376
13629
4794
17269
12313
7777
25825
5002
7813
8289
15187
11799
23409
4391
2726
4720
4528
13767
29422
21094
30115
29617
31783
27929
1208
8746
29139
19469
24113
4093
8675
5760
6439
4461
731
20219
15310
10863
1330
28456
14330
10518
5111
30179
4322
17487
2235
7059
3620
4814
5802
8379
8202
28232
28923
27340
22796
5859
12427
25406
8342
10987
15556
19678
779
18118
15300
874
17161
24874
19899
22875
4079
14221
6037
2050
1436
24285
24794
26070
22906
19570
18642
22285
22716
27457
22252
11369
7139
4434
27232
25685
4999
26996
19732
560
21076
9519
28093
28649
14419
2810
1350
7628
25450
13486
11125
21659
2343
4667
7884
28129
7609
1177
17325
26243
27711
9474
7874
32664
1094
3167
20124
24954
8332
12032
18586
29981
27402
8335
23821
26528
16946
21575
18073
3106
25462
11617
18655
4055
7945
29647
8792
13403
30953
301
21892
1094
23325
14837
3397
13824
15675
9970
8325
12503
25902
17143
31007
26702
9526
20688
25085
440
15152
19833
126
30726
13592
21134
32026
12766
32460
32003
8008
15853
32019
11285
24735
10621
23005
11392
15164
9546
26061
9203
14181
27793
13044
20673
31851
8811
19680
29145
26837
6489
12757
27384
30138
14624
29018
31005
26991
30423
5111
2878
7523
4926
12350
4921
23366
4945
20744
25357
5489
10013
4353
27210
32386
29395
3943
26566
17478
28187
8718
25490
29149
19882
26792
1324
15640
11031
9539
6646
17190
24298
32275
24551
30832
16631
3186
26753
20417
17130
23845
10243
23722
6434
17889
1247
29989
26051
13325
31598
5752
6662
22730
10723
4444
468
22065
22654
16735
11668
20955
20994
21383
11841
4263
8296
24632
22463
32695
469
23639
32111
20156
10698
9648
23809
32628
8858
11925
11145
3697
25378
3272
30933
6427
27828
28572
23806
9464
1364
16726
9278
27691
25127
30681
27905
21307
22056
22659
27711
27670
22813
13138
19464
10838
31434
22859
22625
11458
5732
21020
28238
16408
23112
5376
24880
32522
30701
18659
19025
13190
4119
20423
30398
23866
12110
8550
26453
344
28303
14616
5918
10134
3137
6904
31711
10362
4458
13378
29930
12500
22307
6912
7226
7820
74
28902
11710
6813
15222
28026
30965
5218
24880
21368
4283
529
16992
21876
11619
2693
15109
11713
29957
31808
23849
28050
7705
13744
18453
18271
8261
25265
32705
22666
26484
13140
22670
13891
15656
28638
19255
16809
23569
3604
17669
1841
25054
11190
18499
11596
4947
4682
28914
13892
9884
10266
12734
6503
2017
29312
23856
30568
19482
3425
20260
28162
17957
15352
19070
20190
29205
30421
24345
15799
10958
6949
27648
31164
24015
7987
4577
22070
12622
28719
10686
9834
20618
23855
5094
8385
21085
13171
29476
32038
28176
28653
10294
21168
29300
10752
8576
30849
13102
7049
21250
28142
24659
27164
27272
3552
31797
5520
5152
4473
25468
12221
25297
9723
7032
16772
12682
6630
23221
272
4185
25953
32720
15708
4573
4571
27274
8949
3326
17650
27419
15874
9947
29332
15305
23937
14596
31332
14520
15315
26602
13407
18948
4219
32148
12479
13325
28451
23699
12063
16914
6111
7991
4321
32514
7350
14083
19149
28814
95
8287
6650
2179
12872
32397
32754
16471
3037
13278
18961
4865
13062
18982
10286
18702
1521
16237
5758
19186
29715
2791
7860
28060
26729
28199
13421
27981
10500
26255
12492
2729
20420
21259
12641
32271
16484
8703
24144
13606
16310
7037
23471
3768
4144
7100
27183
2244
14248
20933
31487
5326
21084
22128
15085
1658
5941
12175
22735
20569
29005
4969
2849
771
21166
106
6383
16998
9309
32024
27126
9565
30615
5193
25094
13189
23642
24979
2986
30028
295
16901
22027
19018
7
32020
27154
31189
31948
31192
23245
12751
30873
21625
13588
26563
32420
26596
12908
20528
3643
8130
4907
24613
26117
9898
25565
3342
5259
17557
12775
16078
29174
403
29546
10254
26394
24765
9834
30932
9652
18283
27440
8023
13808
25767
7660
2834
32047
11489
13215
9751
8710
15844
24120
30886
29066
16136
15357
11006
10699
4521
5677
22899
19870
26073
29412
28353
26016
1874
32318
30880
21111
30382
3775
10904
5211
8923
18675
791
11222
22217
9809
18113
30663
12133
25445
17927
13485
11723
6447
8443
290
14775
1478
32098
2982
10301
18496
25355
19870
6843
5078
12896
30620
18955
7748
26939
29409
4605
19823
10747
7201
20740
26698
14550
7046
28719
20218
25457
32247
10075
32313
1709
29593
20904
25080
9924
22422
26153
15176
19862
25886
26848
7546
9021
15788
26601
18053
29927
9355
22773
22185
7653
5016
27386
11090
1791
3401
8233
24895
12299
20462
17441
16867
30654
20023
4706
8204
5569
4343
8452
26562
31495
26151
25513
25970
3167
302
23216
2124
27461
28768
17067
9193
16638
3012
22547
30001
16356
16666
827
28284
20222
24860
131
3831
5075
20997
22734
18762
20096
19280
15926
15735
15369
32450
8446
18949
29421
21162
4295
14431
28157
4456
15879
2167
14701
12844
12216
8110
30252
7936
333
24312
10097
7177
15594
25659
32407
13321
9684
31481
6442
20009
1831
47
25922
20726
23239
15741
8207
30377
23704
32646
8886
13995
24050
27546
29019
26712
27983
22675
16511
772
9799
12028
25741
7995
15807
5241
24495
7501
7773
26210
486
5386
10559
18354
20314
29387
28396
17952
8431
26034
29834
23179
13080
818
22866
18587
5872
17361
28738
8614
14727
15660
8721
28368
30073
15676
11112
18039
25286
10969
2895
20686
22749
20348
13798
32711
22266
28233
24405
32311
18098
19533
29445
6709
19661
3588
2833
11970
7251
3614
31735
20656
32745
4482
18580
17084
3422
31892
4687
29950
14210
28083
22932
4995
12855
24838
8836
26680
23754
16761
20970
5129
9859
2818
22129
25419
8570
25129
29205
16727
14253
17607
14296
3960
13904
14350
4534
25352
9060
6089
25306
28373
4491
27365
6674
7114
26139
24881
18561
5323
17777
24162
4244
18912
6536
13914
311
11926
26314
32426
12616
14242
25381
6485
12107
23496
866
23767
6496
7163
29362
32101
29043
22214
10378
7031
435
27370
4273
7044
25925
27977
31128
11020
2361
30210
15593
5852
14781
18654
22114
22158
3984
23787
23780
29007
20922
1894
4551
8165
8059
19934
31345
20464
30337
9111
14375
27759
26973
5677
4642
3975
6712
11641
26086
384
19906
696
29135
10513
10860
21226
11757
20701
30679
4217
10002
26173
29324
14363
4136
5440
2029
27897
32200
26096
3692
8209
9
16087
19962
18137
3734
28866
27842
25893
31492
12229
5144
28234
23906
7551
25004
16772
12049
18591
30980
17813
2006
17831
18729
26543
12589
17649
23200
404
992
18927
14747
27388
17369
26550
20593
14903
28212
9918
17996
30739
11673
30691
13857
19200
26825
22704
20966
23922
8054
3293
17919
903
2392
4374
28921
25578
11133
11007
17274
10231
22497
14964
23672
30496
19262
12309
13738
16783
23845
19714
29756
7692
30286
4067
12743
16162
16685
29484
20864
17277
18629
24735
13744
26007
31169
32274
26980
20116
14785
14194
4709
4202
2290
10760
16234
2884
25057
21755
26253
16937
19345
13078
10236
25304
20939
8652
10481
1271
22453
14713
6884
25709
30886
31467
17151
6925
27449
30241
5586
7540
6816
20050
15176
32564
27195
16178
3801
16946
22377
1904
28674
13644
28063
23683
30450
9791
16567
19366
24967
27336
24970
11297
19576
1290
192
1739
3284
26416
13287
5837
15787
6739
4291
18344
22026
19614
4837
21626
23341
2736
32639
27773
753
10305
15223
208
23176
7177
18362
8058
17776
21213
22483
32684
26790
15900
14012
9030
22039
8521
28148
12701
3159
25337
25297
28539
7829
25840
24088
30824
6351
10119
12747
7464
29762
15441
28994
2949
12325
19453
28541
9039
25238
13182
30649
7328
21973
31850
29761
25444
1456
13472
30599
19481
4414
26926
23411
1492
29904
18546
27387
28037
8229
12159
18932
9851
15581
9921
3880
7211
14640
4581
17576
20781
27360
5875
16996
8071
24172
189
5880
20014
9863
8317
29385
8138
16328
29370
18769
16058
23715
2923
7351
10840
11672
3423
10147
2430
31146
12508
22864
1609
6931
7559
22499
5916
13366
7043
31995
22760
12501
24541
137
24235
26500
30760
17890
6711
28510
6500
32530
16949
32246
22053
6771
22889
24977
32753
11903
15160
27538
14313
22499
20839
24373
29355
15828
22309
14464
29560
12454
19788
24439
658
5787
996
7056
25320
6905
23785
23398
19189
21343
11341
9393
25830
20312
22849
16502
6651
17969
9393
30587
11567
22280
14605
29438
26907
3878
26447
5542
25880
10895
13626
24762
9636
17110
8415
14737
7175
24630
15718
9034
18742
8415
3339
16573
2039
27278
15463
12976
16966
23136
8945
9807
5623
26344
11460
10198
11422
26751
4515
3473
19116
31707
32058
3846
23002
29412
3238
23665
29387
18370
17720
19056
10732
17979
26742
26112
9120
24380
18787
1192
13210
23221
1793
9460
2953
23466
20499
13093
15611
27272
5159
1575
4731
31157
17876
10435
1021
6250
4673
17174
19069
18373
12774
14402
22242
9754
13975
19555
12328
25739
31422
26309
31934
15064
5608
17492
15149
19832
31363
11859
28155
14824
8421
2385
16079
15683
25489
20569
23765
10515
28854
20586
6756
6758
29945
14374
3551
10021
25460
20430
14809
30114
32511
28014
124
29296
2222
31061
26155
6263
14235
5832
26470
32583
24037
17656
26094
9133
24312
3121
28970
7812
23311
2899
28106
15822
13304
31110
24746
13316
20247
28714
24825
20906
14510
4365
30106
32037
3164
23777
25034
23761
18147
19949
9476
26447
25902
2818
12833
19996
29842
18097
8644
30312
30804
7867
25589
29733
18539
4041
13580
15198
19848
20829
22993
31690
15956
11785
26337
23201
16888
11231
5972
32430
7139
6440
30364
8870
17607
20825
25008
8632
5349
20034
9067
12901
25483
22921
12334
17298
16347
29271
17613
12251
9933
15185
27817
15147
23160
1226
13081
3721
16013
18230
1039
9781
24100
8674
32760
26100
32443
12771
18147
18344
25723
21837
32486
22563
11198
11941
6589
30269
23503
31896
7605
2084
5872
6636
30153
6900
2978
14776
3338
8328
2848
13264
14660
16271
26925
30084
14558
27106
2319
27274
18434
11541
15324
29240
4350
29003
21492
13558
31722
6735
4559
28148
8587
16097
19961
32024
25976
27214
1114
21819
31611
7236
9403
6804
23610
31459
19590
1396
27927
27415
19917
23860
24404
806
10126
8044
2683
2949
21302
10086
17917
496
2915
27091
1561
21177
28654
6332
16383
15457
11049
17339
22838
4453
31845
18538
9787
19546
19384
10012
15467
10812
11005
4043
6946
16132
26651
15186
28709
14456
5259
25820
31549
17223
9748
30621
21797
18005
5337
17600
7590
26708
6806
21920
21761
5012
30503
11834
25741
27676
24138
5091
6817
27641
29349
11318
7604
6614
29195
2129
6851
3533
30459
28737
13044
14461
29545
698
27768
8285
18625
32011
10933
2383
8490
16210
29093
14969
28168
24812
30841
22096
12228
26928
20355
30965
27343
93
7506
4293
28132
11472
14111
9516
19854
28795
6248
32697
14571
23186
32218
27512
2991
24967
10100
32380
16747
6457
1514
8635
11792
6505
22343
19231
8111
10349
30423
7641
19842
32296
25668
25849
14384
13113
17919
7227
24397
12403
27361
31524
28704
12941
3859
13902
20906
13851
26667
27393
12771
24509
15511
26882
30791
13463
2623
20144
16785
14081
102
11084
18631
15231
20689
7065
24950
2547
7212
5285
26431
7953
32169
20710
18066
8724
31210
5000
698
25263
21793
13830
23834
29511
5238
13304
438
13151
11945
10540
23797
24148
12280
30199
32421
29258
21827
32205
11839
870
25198
13328
5228
20286
14343
27430
7625
9357
27688
6606
31463
29484
27295
2740
24983
6205
24653
10819
29540
15017
30156
26298
28000
19406
7509
22146
1316
113
30688
6335
5906
22010
5516
9253
2525
30688
5442
30732
2892
6498
26517
25543
2618
6008
14573
22578
4578
30473
18149
30603
27225
4958
9457
22403
8796
4311
13380
10644
26188
26588
21233
15764
18551
7191
1616
4747
24217
29664
9379
27074
22691
17401
16889
4124
29882
9084
25683
20905
29827
7185
17158
19321
30622
10852
5472
4014
24432
8919
13454
20437
8230
20084
5309
375
8950
21541
22912
12522
7592
16935
2418
30317
854
19388
9500
16757
29296
3872
9497
28225
17410
30655
9079
22964
8250
4261
13409
26468
15397
23350
12795
11759
9401
32287
32654
15758
15128
24716
2021
13548
17939
1436
31479
6200
15597
15377
3782
7800
12130
30285
18310
26913
28392
24186
2818
23013
23861
31496
828
31437
1025
30556
5203
11399
23053
25798
27050
3841
22884
1972
24135
22583
19169
1318
17529
3401
27377
1122
20670
20944
19354
6377
11235
16754
6077
2217
28781
1972
7064
17012
5944
10768
13966
6321
5982
14408
6699
5202
15706
22265
31331
29702
32110
22643
4890
11183
17730
22472
9962
30742
4301
2595
23328
23261
18040
14939
5383
4790
7809
8904
15466
25555
6558
6486
1876
17566
19172
16855
13082
17065
30950
15006
20123
13288
23073
30537
31175
2078
28824
15838
15966
20117
18619
31258
26106
17426
8077
23301
29008
32008
13318
28362
5299
12
18358
12486
24026
25737
4780
15839
26338
18869
11926
8983
14998
14787
15658
31328
19951
19803
19908
18867
13015
9031
18000
22620
26674
111
21354
28312
27423
11271
9156
13153
28027
23559
29384
7305
21928
17883
9855
9478
27532
10076
1202
15757
22236
23552
17231
11106
21146
21069
30733
18798
14812
30100
11091
24466
20944
24539
4695
1083
29949
26651
13443
15414
971
24748
28
19654
15942
6653
4645
29684
27423
32136
13697
31527
28659
21765
23897
22516
16080
4574
7869
20279
15606
10468
28046
20067
1754
22080
8347
28438
13681
23980
266
22769
2218
6883
26874
30118
6973
30293
13670
11090
931
4640
3916
4366
1637
17212
20495
20928
15770
10997
1307
12600
22955
1183
22215
26488
24410
31621
22143
18002
1795
7458
30754
23865
8481
15252
15017
3921
9235
21581
17418
20424
18209
20236
29787
30825
20154
10507
13371
28270
28159
24698
622
2454
24966
13357
1223
29048
10071
2962
8267
25879
30779
6885
23699
8374
26167
6055
5746
21998
17491
4428
17880
27133
15263
16948
23286
28257
12664
27868
30371
1958
25352
6486
511
13948
23052
18166
26966
14092
7898
26191
32327
27276
19362
12125
17701
32529
25844
10244
12701
18853
7042
28345
5785
1690
23336
7552
19813
29726
19241
22806
22544
31503
9148
24687
790
23056
31943
12387
19003
1756
31210
4004
1210
14810
30655
5875
7327
22514
7776
2451
21874
11936
32042
4606
26133
13894
5057
14040
27119
20167
27732
7201
27979
10833
11043
25774
6394
23162
14142
18394
16704
13199
24719
12153
23534
31272
10010
29197
8651
3840
1924
32061
24376
3332
28882
1154
14356
3498
18292
2084
25310
1924
6530
18533
7961
31509
26693
30971
27381
25059
11001
18628
15403
5069
28369
4534
16425
5791
14396
17685
26479
3044
2407
26600
16441
12540
12803
13229
25694
9582
19528
12108
32376
27519
2874
21578
10821
22275
15915
5183
13389
24179
11649
21130
31941
576
13497
9795
436
15975
15788
30833
21588
14918
273
21117
32187
10925
12356
28903
5818
6713
27718
28216
5894
3037
11780
6712
8085
11202
988
20832
17483
593
18525
26770
6358
23950
13902
264
1239
25767
32242
22667
9026
2508
16267
27109
12551
20034
3869
29080
20210
3251
25972
10960
6863
15817
8808
22679
25555
27387
1120
28488
32311
17318
14613
29254
31270
2143
27545
23021
16857
16520
29591
5577
25345
28193
2524
32518
1893
13281
9750
20264
24780
8581
27100
28413
3101
6761
15599
12751
12229
2645
32448
20701
22873
23705
28978
15117
24188
26972
16544
3291
17668
19761
19746
17557
30296
24299
6412
1738
16924
14259
184
1792
29713
343
8070
26789
310
32485
1568
11336
4148
889
9731
32009
24824
19283
5691
29262
22434
27436
5485
6584
11934
18890
27931
23894
5136
22483
6692
6680
13942
31199
24202
31366
1161
22736
8312
27057
9315
3174
14980
12906
26087
21518
8497
7859
13406
20987
440
11123
19294
31864
15880
9326
13040
14717
27147
15475
18161
22656
11819
30167
19897
24205
13077
28451
25083
22681
31420
26634
13292
10260
19105
4766
26024
32189
2899
1219
1745
30394
16689
24035
29561
4072
631
29923
6722
25456
3705
8790
28099
25755
27177
31473
1326
3559
9695
3647
12336
13658
12378
32150
537
31510
23298
32586
6205
1582
29551
8736
8090
952
5679
25862
23995
7203
7876
30465
16604
21195
22765
13158
15182
971
22311
11853
28189
29714
4722
25923
26353
10170
14168
26687
30002
29333
17452
3800
23151
30472
23696
3508
23041
1820
30265
68
27627
7122
17143
15022
5893
22199
31727
30731
13914
16825
29227
14547
11726
16697
2134
26005
20996
27745
31168
2540
1918
16312
4777
15278
23814
24051
15803
614
9549
21263
2776
21253
21459
3484
4886
29652
8454
604
24072
23725
14766
11788
11328
26475
32136
27010
19217
25759
4401
17400
21914
26757
18246
22440
1791
25654
9418
19609
506
24350
1224
32184
12691
25777
7993
29738
10027
31322
30503
11489
6591
12724
29715
23661
27243
11005
10901
9493
21037
7112
6210
29479
7404
11761
22226
29580
5561
19158
2691
22687
2132
9924
4024
24896
31730
8368
11238
22051
2877
18984
17840
29038
32157
11145
26705
25732
1462
6257
5691
28699
18738
10359
12029
17045
5568
10266
27754
4237
26460
5624
15096
7088
9170
65
29030
7118
12157
22122
11170
15920
16213
806
19689
12077
3113
25234
27952
25080
19240
26799
13763
2748
4006
3094
28972
32491
31261
18663
21078
28627
22642
20483
14066
13170
7034
13947
26906
3979
17853
14664
9268
15097
14202
26940
24858
2372
31723
21304
11640
29810
31689
30880
4725
31007
14611
11276
20117
30928
30732
9792
26333
5765
31107
26463
21305
16781
10838
14427
18972
25246
27705
24752
28518
24357
23476
25682
27274
26331
14187
24035
10224
16281
19618
18730
18840
877
3328
20929
2817
1261
12691
31245
7241
19915
3861
11891
14485
27562
32622
6345
31667
32560
1145
18443
15102
16733
2059
80
25986
29467
23858
18172
12129
27414
26298
32566
3190
13773
1782
10909
15927
31722
15549
8758
30944
8910
4530
23465
25550
23409
15816
3758
31016
4969
9222
20162
2245
31816
3208
27934
25162
7467
16327
14057
27283
8848
26394
25517
8277
24680
22140
18440
21505
14958
9103
8356
5867
26294
11745
2408
9643
16009
31854
29936
20931
4464
5223
14395
11907
11919
11570
32420
1322
6196
26034
14868
21582
5552
24264
25461
24190
5990
24346
8042
3109
8481
25619
6973
9393
11947
17451
13849
8949
18075
18024
19065
10444
12142
21284
11232
22016
31449
8722
11467
1642
23390
2428
16611
15194
30750
21198
3960
13369
13038
14424
2603
31340
5292
28752
23530
25724
21460
26902
17442
21620
10574
6844
12847
13707
26506
4550
13592
32003
1999
5934
4985
12881
8656
6572
8128
17022
385
15412
7324
8909
20264
11711
17843
1694
32183
11854
20628
11410
29529
25900
31212
1776
8267
27764
29436
17224
30701
13780
17226
30038
25
11408
29335
26920
27315
14538
3858
24707
28033
2048
25547
16260
19517
16086
29546
27779
18665
30742
2849
26428
28259
13557
479
23345
26937
8856
30663
12618
25278
22742
10720
25791
4702
30272
11790
7991
31022
15710
11073
24626
31687
5948
25068
13220
20053
7973
6329
15330
26347
7087
16763
4802
27162
2296
27235
17918
17857
6190
20344
29402
28198
18517
8257
17671
28998
31812
19908
23750
21610
12785
29877
24657
28667
16111
14311
15478
15767
13877
7942
22661
19556
23329
19848
16748
20389
17853
9697
4129
31627
7232
11510
3904
9293
1496
16853
25590
21371
15014
32163
15901
18319
21770
20437
21416
4549
18466
10916
11074
17964
8077
21434
31282
29181
27765
11570
6530
19500
972
2751
22112
21566
29141
26411
8644
21338
18151
3588
25427
29602
8558
3474
29572
25028
6450
1291
257
11467
28636
8970
25936
22588
10934
26686
11442
21598
31154
607
21835
20697
4014
21351
2436
7554
20470
30974
22958
3446
29962
26678
14568
4198
5282
29048
16706
30257
9456
16575
802
4280
26405
11779
25575
10222
23350
29177
20429
29742
8416
4857
17168
4818
27114
7743
28245
10497
25002
343
31301
10440
11722
6099
11899
27756
27724
16703
32672
7167
21196
4951
18644
4402
21253
31863
13392
11626
26775
27218
5962
22038
29704
18663
17689
2879
18184
28081
7578
19552
17913
17182
23250
16249
17070
18499
25045
20063
29811
14542
6886
11862
12622
28988
5343
1505
19589
25420
30676
9433
15968
11955
2803
701
31024
12817
20910
30537
3984
10276
1053
24906
4075
9531
26269
12208
14655
2286
17598
229
27936
14349
4956
19549
767
13014
32267
19055
24748
23403
25529
3683
31770
131
1678
1740
10851
95
29463
22552
24587
6144
25252
17765
18057
12951
7406
7062
19203
19773
7421
21158
2650
17124
32073
22845
15974
5261
28448
16001
4227
444
16711
11823
30028
1321
14820
29418
30118
2489
18331
29395
2305
27564
19960
23129
25818
6680
4365
26963
25988
27798
1116
5708
29737
315
247
31773
3596
14026
9957
17858
20752
5927
28104
3174
12670
17935
10429
23488
15619
18439
388
20642
3832
13714
12001
1487
23014
11943
27201
17166
10826
8802
26785
8828
18069
16122
23212
8230
20599
7667
14371
18391
2909
149
23170
29999
27705
12444
10977
23029
22145
22833
26392
16046
10874
27673
16934
12655
2230
26413
25556
5871
28379
3594
2965
20960
4519
27657
23217
29824
6193
12914
2466
12395
7282
18156
3262
30899
5379
5688
27671
2610
3112
32543
21152
19999
18446
27049
6289
19168
18513
24208
19724
5919
15553
13044
768
800
22886
7248
25934
27730
11202
16557
22058
28452
21845
5910
7620
27417
20327
11339
27688
3359
7169
8122
12899
21533
2109
27818
5864
17355
25535
21434
2354
14790
20868
30858
14506
6372
5595
1976
29386
16068
1456
30990
11395
30634
31504
16889
15068
25738
29418
3133
32477
1891
14355
17640
2219
27087
16269
6020
30196
4567
6665
10641
3981
14603
7850
10803
27226
31187
13068
2599
3951
26368
21637
28667
28532
16806
18091
15487
9550
16686
2838
13175
19452
8615
1639
7314
27582
27741
30344
28832
17021
11949
7734
26367
27495
4887
18877
30550
10714
4245
4355
9094
23427
9259
31432
7646
21959
18624
25900
8079
12897
8492
22386
863
20301
2194
8451
30881
1509
31984
27062
25188
23883
6132
5966
14059
15366
2578
11333
29533
23792
19411
968
30654
2895
31088
3842
24350
27202
3231
30621
10256
19295
26797
19334
16734
22682
27853
5617
20219
5480
176
2462
15161
31525
20309
8282
26684
13491
9251
21448
5551
15717
7733
21345
20149
26395
11765
23482
29731
2990
4332
4869
14060
28046
16344
3803
5853
2985
767
26425
14730
27791
8388
31432
11656
9428
23160
18529
28124
7350
11122
464
14772
22784
32354
15320
5205
19247
19682
24440
341
27858
23886
16493
20746
10807
4822
31992
4418
24643
977
2785
30260
29090
19028
5564
20407
14113
17156
4715
24242
20311
11816
11236
7892
4491
26371
27957
22661
10194
9568
19653
3868
5240
32110
31964
8018
9889
4558
9573
8694
8752
11243
27379
26339
7912
11914
26371
7216
25297
5794
30081
30118
15326
32365
31629
26743
7372
22207
2942
20268
333
19095
2599
2528
23910
243
14682
28332
7190
12521
19371
7778
28984
15348
25974
4478
682
17036
12068
29017
11439
26361
23721
4512
26002
12904
20049
7685
1165
20543
11965
20532
28648
5038
12840
16905
30309
31622
23280
12288
22492
10319
26449
16365
16675
30869
19571
8173
16176
16258
25255
4508
28034
18866
9965
13704
25533
9282
13755
10982
9876
23082
25337
22404
8171
7117
4944
27647
25149
1231
15012
30774
15164
29735
9183
9214
22968
10869
26097
24600
2754
8853
10773
9056
21009
22644
10069
2118
24997
29218
30544
24194
13481
32553
10299
1284
20894
16926
12326
8234
30646
14453
9600
54
15230
21657
24798
19455
22208
7741
27640
17383
12200
11500
25076
12556
23333
12520
9448
21699
7826
32305
3226
27714
13462
19940
29322
7324
22857
10694
16178
23283
24984
13857
23692
9448
25066
19919
12757
7511
10244
9364
3217
24898
3113
25521
6863
10506
23942
29877
23214
2533
28110
28311
8992
27532
34
22786
10734
1588
7987
14832
11004
31936
7850
8570
5327
26421
19400
10222
24140
24942
4425
4643
27074
29201
4751
4105
6443
24001
508
18820
30639
14997
13984
11643
7274
22473
17684
14124
10863
19892
8101
7618
4621
18938
437
8745
30545
27651
10847
28449
25035
17836
10842
16273
6549
21564
18720
16158
21906
1433
17743
22781
7924
7612
29775
26885
3585
4194
1333
777
17430
8964
27367
17508
18156
27402
12673
25557
8474
31804
17144
29582
27611
23417
24318
2439
9746
2475
18981
16920
31883
15098
30790
20679
26500
3648
13860
4959
16748
22717
5709
23362
15082
23053
9537
24831
20513
27734
10454
5671
9011
1222
28379
18781
24579
6205
28412
20653
3392
14406
17381
11807
28319
31820
16299
25227
23655
2827
8039
25262
13363
22596
8740
25214
18163
27317
1787
27323
26677
15944
13948
27847
675
5771
6992
18615
21964
21856
28189
31146
16679
10742
30890
23641
16468
11255
5188
17392
31910
14083
26464
20765
6111
6750
9857
16230
5178
28901
23644
7359
32175
13639
32058
8028
14450
26225
18847
3524
6333
20554
17449
27943
10191
19617
16058
27121
14901
4195
17114
11935
15176
22802
22870
7377
20983
3698
29997
7329
17094
11398
1453
30260
13079
2490
29658
27022
12712
19810
3855
30891
10334
10851
11496
6091
6977
12848
94
14349
22727
21497
27700
24639
32597
23583
21651
18421
31747
2026
13297
10456
26272
382
30519
14913
24310
22539
25890
2823
20302
18501
5353
11669
14391
26900
14369
27199
27012
4236
15326
27606
19604
1311
1308
6777
9174
20241
19549
6319
25483
15917
23699
5811
1998
30647
14655
28687
3026
8353
28635
18284
26220
30721
6262
5289
12241
30147
18846
22826
21664
16795
898
28275
31267
5694
22104
8949
30674
25810
18429
6439
2584
19619
15579
7385
8794
15127
26640
25286
30774
18404
1741
26216
16392
8576
27387
23056
10931
7642
6437
23861
4766
17223
32146
27916
31228
23999
31921
17242
15953
29769
25275
6023
9521
12980
30355
30195
9803
7048
13297
8589
5799
5692
28863
13217
6444
11689
29123
28145
30821
4799
12927
29448
19845
14199
25685
22731
6312
5640
26863
18769
11867
30814
19422
9716
7775
21448
32641
24744
30634
3313
24873
32652
3503
14353
18554
32447
8927
10596
9749
1141
7280
27100
30068
6986
9053
25619
1556
26326
22190
23939
24538
1665
29433
4089
18096
6808
4905
30535
8559
8097
28286
10041
18433
5100
14293
15819
31943
7019
554
17817
5432
5571
20059
7319
5579
23203
9774
13058
17687
4181
26774
13975
31289
20627
11058
32258
10871
3995
21783
18585
31267
31110
22223
9802
21697
14805
9121
7122
20588
24909
20499
22320
24693
24069
31150
2138
6990
14781
23553
12846
6054
4721
14057
1963
9430
302
27151
10593
25212
25381
27057
22310
31589
14590
28838
27147
1969
4206
5020
10895
23089
11276
6565
22290
15636
23904
15858
28300
25027
17725
16093
4990
2057
28241
24109
6953
8311
30203
13974
7423
28167
14172
2688
5719
27391
11441
28682
30308
29976
31456
32333
9832
1248
23376
24549
25125
29789
22526
28334
29844
6387
3534
15563
11482
13447
26911
12013
8056
485
4257
3025
1986
24671
29291
9483
23954
25271
10056
32003
29501
17728
8274
3645
12230
3903
21187
6109
14674
25495
22023
4970
9180
17574
10262
14290
30762
20330
3072
11694
9984
12776
14025
22728
15507
24782
15992
23258
26688
20567
32619
13209
11390
13423
27629
8690
19218
3096
31243
10900
16770
31756
9123
26542
27083
15523
11453
1530
4950
7928
9246
4858
10281
27975
21019
130
12891
10906
2476
374
21962
30117
4033
9173
4624
4846
3289
19446
24754
25137
15568
29970
923
17154
20728
23299
6089
11444
14444
29003
16455
32122
17057
19288
32091
17612
20542
23047
1024
3340
1582
8806
10646
26730
14067
20926
14297
17669
30269
21201
15632
19538
2747
18528
11398
20930
12849
4336
25406
5279
27595
14286
25827
22839
15537
30545
25854
7485
8923
12383
28780
27500
10791
31538
19214
4717
22440
13660
21954
17147
24385
12553
4242
22853
22387
27013
3372
21908
24436
24830
26002
18477
27521
2954
2835
13433
11124
27500
378
12131
16281
17043
23173
15618
12222
32099
1433
12664
22665
15032
18355
6426
17167
5416
28578
27601
6817
4489
6772
4031
13545
22195
7214
28454
24631
4743
24768
9606
27669
12337
22839
2054
8225
17321
18741
3349
5404
20096
2206
22353
9278
16857
3477
26536
24780
25014
21159
15037
20461
28021
27973
21901
21178
12698
26744
1362
30356
26318
14288
22184
8122
552
22174
2030
16922
23212
26466
31471
7272
18449
26503
27073
10606
7880
19278
25326
15267
11577
5641
20690
30462
7760
17033
4164
7436
25912
4057
23161
24385
5734
1581
1572
11148
20954
18453
25570
10029
8865
1014
14806
19403
30623
6587
8848
23233
6539
18632
21300
6842
16955
31279
3288
4989
14626
31527
15661
15370
6423
15290
4706
20197
9047
26045
1605
14514
17358
24581
9388
21762
10898
4568
4371
28013
7857
31394
3974
12001
28204
29161
5314
2361
8003
9091
8599
11537
18163
7175
28048
7129
10430
31105
9430
32297
938
5226
15698
13396
12428
13527
10002
21824
30086
10224
23534
3957
13007
18852
4715
8307
19634
22171
6111
22089
30426
6764
5590
20323
17612
19985
18101
27812
9141
15000
23965
10677
8550
29722
9618
20380
9373
16625
7133
13712
31366
294
2478
1035
23937
10793
24838
11810
22822
10949
24788
5394
12166
19282
17503
2587
9140
24109
483
8849
19845
21605
23679
4656
23187
2743
19790
32688
24712
25277
2005
1945
9369
31842
7581
24921
31824
9113
1312
23187
11151
17999
2026
7355
25554
1693
23544
28896
18612
15683
27748
30152
7605
82
5444
31810
314
552
22223
32184
22741
23713
17345
24836
21191
7308
12033
388
8387
8540
23681
11377
20469
9504
14694
2156
25155
182
24426
7002
3283
59
26494
25202
16333
23493
20403
12436
23394
10325
30810
18141
13837
21767
31850
23416
22552
2188
26915
695
4195
29402
6385
11874
18017
26402
13715
14159
11619
20995
9596
9522
15641
24573
26746
10423
4949
26664
10133
31694
8979
28454
31802
7238
21687
22102
12953
5278
31637
2890
2891
18200
17590
19324
16440
28430
729
20540
20664
19593
31673
30445
22776
11792
6798
14705
30880
19646
11222
2786
3250
11928
1621
27779
16565
797
17755
20214
15124
11806
30789
5039
26817
29903
27462
17064
11293
287
28008
18518
29468
12101
14285
20445
30884
22939
23099
3456
13623
5808
20696
3419
17106
7576
10033
23124
14357
17543
19585
4431
16035
19871
32049
13473
26828
30213
26011
21447
2666
31546
25107
23385
6408
2729
40
8505
22346
20348
9511
272
20361
4788
32225
7419
25021
8569
7086
5761
26784
28078
25266
21449
14864
7369
11615
9481
1717
30946
18747
24130
23781
30729
12516
14635
21188
19933
10065
4970
7088
15195
6234
23818
3292
4339
25211
19242
21818
5857
28117
8946
27807
20410
13429
12492
32290
18757
8153
16336
20933
28557
24496
9599
31063
5684
7650
13749
17560
11274
13264
13017
16543
19678
17629
3671
18041
9621
25133
3408
23827
24185
7085
9616
29273
32723
8787
9920
12192
1211
24487
988
27969
4143
9858
20712
2439
30819
24853
18655
9932
7256
24622
28653
5342
14256
12215
9693
27048
10433
5247
15573
3342
23784
5950
26689
15384
22303
16595
6157
18259
1234
27599
5143
4212
21743
20279
27620
2879
17725
9862
3730
17831
23022
6898
7949
15159
13175
20976
22662
30640
13983
17658
5921
19700
31446
18064
22766
8226
29385
22653
19227
4611
819
14171
14184
1701
31734
16217
26074
20549
10090
3644
18100
370
25589
1700
30883
10864
31708
6289
32569
1499
12120
29477
15772
22668
9453
940
2432
2241
13303
26073
27218
12407
15750
10578
22710
12059
1899
4208
4660
32354
19859
11327
21806
20086
32148
31181
6422
11602
20614
25761
5854
15727
14100
21129
13743
16288
19410
7321
12253
29754
16338
6512
1051
6009
30066
7357
1771
32031
15735
4098
10329
3934
27232
2200
16873
13560
11764
32500
206
25253
29982
2856
16476
23477
13818
19116
26816
26102
25648
21343
9711
29912
32641
22473
2780
4047
28831
24739
29934
30713
10306
16281
17329
20737
13432
8014
14540
20803
16444
21665
5171
15665
12619
21807
16541
12789
22579
30488
9273
856
26285
24071
27036
12514
8236
14700
21758
13890
30902
14348
31143
15089
5619
21692
25508
25875
26244
24681
2494
21406
17301
27996
7085
957
20662
32700
136
9591
3558
10069
6528
9100
20465
26263
7374
25247
4861
2786
7402
31642
23391
23041
4094
30031
6323
14580
27546
16731
16171
12274
10409
80
2855
28590
17316
20755
8966
