1000
10521
6849
17438
22839
459
15904
24030
23454
31205
3375
10977
9544
27914
7311
13969
30730
10643
1481
26276
19406
3215
9023
5955
2603
7944
18531
17004
10297
6281
18982
13973
4771
27356
27572
8338
8189
15128
862
27832
32088
27612
27607
17219
18708
7381
5540
9205
20470
17286
19662
25856
8314
16712
1754
6438
26731
6799
19706
8479
20656
13168
5765
27707
19305
13664
10149
11336
2107
575
18512
182
743
22677
26489
23801
24610
3355
32391
11823
3233
32125
18694
1027
21107
8286
9372
16593
22675
22172
11583
5387
16574
25046
27046
18907
22402
9260
7165
7945
2712
3398
2781
16416
6515
22680
22139
5324
13337
228
11808
28807
31794
3328
31193
25972
7262
6617
19567
16011
27084
17848
12697
25847
17417
24772
11377
13500
10005
1737
31269
1181
9148
1591
27887
25917
12835
14446
29511
23428
4770
12088
8023
6724
12497
23447
17071
32541
15590
4546
29242
22174
28478
3690
1648
11180
10809
24897
27598
9768
28235
24765
22403
15564
21584
2841
13421
15958
544
30878
23619
30185
19812
17184
28948
28336
168
1739
27376
6852
30385
24608
11749
24912
16
2874
15405
22515
18167
2134
22693
11109
9548
27026
11649
31582
8444
11765
19262
11699
658
19888
5081
31938
14856
23459
26175
17681
1500
24611
7684
22066
4199
20731
15191
19178
30571
19120
18230
11410
29163
28426
18398
26044
2111
3279
22918
18458
4711
29906
16204
10652
28832
8236
112
23769
12853
3018
26048
2224
7832
27944
27475
9007
21681
9307
31354
5043
29814
3925
32756
16465
1724
8805
12897
2677
5964
27133
7417
32457
13626
22968
17022
15449
19826
3227
27759
22260
5012
23196
31359
14549
27906
26464
17990
18307
4663
3657
28469
20469
23130
20400
8911
32250
25874
9071
13590
25304
5789
21667
7492
20275
6684
19120
10940
1073
24113
25477
1600
32732
16332
17185
21348
26824
22338
15445
1603
23797
7072
14028
16752
10230
20542
13898
20528
9299
28823
26417
4326
19501
3671
21577
25550
15648
21942
10688
29166
13166
11269
10608
24650
16473
7302
13409
17240
16336
1921
3471
26291
20814
18324
14829
15635
22528
16715
8617
3197
17958
4337
22194
10935
14267
19109
9336
24063
8280
176
19699
13820
4182
1045
5862
28917
21811
4970
4453
16705
31030
27623
12437
1791
26198
28861
10163
20999
12377
23720
9303
16416
19001
12744
20218
2931
10955
23469
13494
23871
9378
14257
32334
14543
30002
30602
6254
4777
20273
4639
12596
26633
25667
13979
12014
27277
12757
30144
1062
5170
5449
5503
1244
14207
27476
17093
8466
24576
16037
5527
10382
5878
18888
7009
31707
24653
20553
23435
20113
974
4892
2638
24278
30358
25660
24006
17957
30919
7571
14664
18254
15229
32538
8949
15806
8964
14401
14223
4609
31048
8337
4236
22405
9356
25488
20585
30625
13919
9189
18753
3541
26316
22972
29086
22868
20434
28780
7055
26559
32020
26455
8699
23860
9168
31250
52
32135
5909
5063
1999
23247
19505
4567
10420
19749
873
6595
32625
6056
26862
1612
7636
24261
16908
12249
16824
21429
31395
5146
28191
14662
9947
8427
6785
9695
19732
9851
27748
9918
3100
13485
12077
10373
29093
26558
32310
18677
5366
26665
21792
30201
18912
8647
31339
32230
32756
30267
30787
29953
8691
28301
6045
5186
2438
12309
4483
30039
23343
14491
27308
20460
24192
9660
11600
7210
9867
2959
30010
15997
7833
7817
543
8347
20255
13470
17454
23490
28397
25001
5864
22592
5289
13070
7730
1593
7292
20126
31145
5029
5643
30907
16949
17304
20137
17852
1505
19142
19402
31379
13802
21830
18875
24748
15125
6550
4753
4377
9286
7392
16736
31469
9039
3195
17837
10469
19462
20661
15141
2638
18842
15568
27023
17186
32295
74
255
18293
16519
15714
26188
17935
11372
26839
9157
9819
14507
22259
21024
7552
2011
6600
3507
7885
10015
5306
19431
11098
12096
26941
9449
17644
31743
8416
26018
2074
28073
14475
32234
12718
26859
28932
7928
4942
2280
2232
7709
15196
14217
17081
28595
21530
8212
24323
20048
32274
12289
26627
25151
10677
6665
31066
32048
13378
3967
25566
15918
19433
9187
21217
12754
24369
3765
22199
17078
7063
16263
30834
3629
16247
30806
15088
28977
17200
25114
11544
24989
7556
20380
29024
26525
10045
8840
24210
19298
25110
1731
7633
19226
9944
30718
27095
27935
32452
17804
21376
17006
11313
2160
12172
11612
9846
16315
4512
132
3338
1813
30863
2564
21994
7065
4056
24297
15163
8934
10864
31463
11313
26738
23233
2126
17711
1314
19442
25657
4912
9496
16489
13064
9829
24525
22926
6417
14367
22111
3282
27539
26608
3116
27121
28139
21517
11679
5747
28427
4343
14666
8825
23335
17499
16181
6838
5553
26422
10870
31676
12168
29500
18690
27257
19821
32635
1475
22017
21174
4156
2283
26254
9286
7722
12935
24004
6076
6326
9047
19514
25323
26553
18397
16439
8075
12379
6580
20921
14125
24885
2851
12220
19317
18866
20722
4792
28291
16571
32380
14444
16306
7827
10246
19674
16517
3583
32591
25747
30174
30891
7784
27700
10609
4809
29894
12593
24441
18939
2710
26577
21673
7027
3664
21114
6246
5464
24719
28207
5939
1900
4640
18519
10605
9965
2137
25024
31288
10681
15276
17123
23225
7349
17532
9578
21894
31086
10798
22255
5722
16129
10372
14599
31246
4665
24358
639
23236
10488
8066
9701
27750
1240
19670
330
15695
16657
651
15175
12103
30622
29893
28990
31925
411
16184
6882
7696
5874
5693
18170
9111
4406
3621
5474
22338
21967
27853
4690
15096
11096
14706
22242
14082
32325
32455
4814
3264
22729
29509
25463
24986
4599
31683
7211
30266
30759
15430
25510
24056
31387
11034
19161
19094
5730
23074
16618
16430
2685
27244
2171
17768
5953
24072
4655
25584
19708
15387
24682
3368
11739
15151
22617
14106
9995
26061
9267
17840
9503
27982
2750
5159
18354
7918
24596
12993
30797
12066
29607
11450
26763
20268
8067
27262
15226
16620
23763
1049
24133
23801
423
6127
21520
16112
3060
31149
31012
3084
7644
19839
332
2039
3888
25476
13694
27616
14388
26495
13502
13262
22946
14543
15424
22068
17905
32417
15053
6597
12246
19556
13159
32137
16908
27261
13104
26417
25681
5948
24200
2984
