100
315
6436
8286
31488
17051
11252
7003
18178
8682
21839
5561
4062
19888
13352
29420
10825
2726
29158
4114
13048
9848
31253
27862
9210
1993
23131
23444
21578
32631
24238
31934
5541
16161
15813
2430
25753
6375
27084
12700
24287
27761
22876
4259
29674
25907
23722
32319
960
28143
21247
15850
24585
32123
21608
20935
25445
8388
9134
29902
4867
26131
31880
42
32368
3471
4624
16351
20908
8964
20852
31408
19843
25826
15598
12608
6682
7305
29430
22647
10185
19395
13750
4903
4648
21394
1726
12016
14701
30765
11001
26721
1525
26181
10975
14943
2592
7564
8941
15563
30306
