10000
19728
12965
15768
17373
27939
26813
19616
9750
11975
10277
18857
9335
23917
31
29245
1143
28285
32508
4024
19725
25571
6800
3569
4806
14282
31971
25884
18966
13735
2345
23279
5099
25722
11508
24324
14472
26193
20905
1663
17553
28941
560
27376
31842
17512
6384
28795
6565
16695
2555
14134
1828
1517
7557
15314
3803
13409
11931
27518
11858
17617
16914
12040
1322
2598
2493
12613
4597
19321
10211
25780
12619
5847
18159
3166
4890
12609
22890
19456
6717
18423
5671
876
23120
18167
1213
31021
10179
30912
11834
6250
28206
21339
17942
17933
16612
5788
24422
4387
22987
8102
594
17030
31339
5549
13769
4026
25412
21504
20852
29974
21861
13638
11240
31524
21050
9223
31007
27466
3494
5231
27945
14249
18001
19279
30495
6725
30788
5733
10329
12134
7603
23005
7136
3903
29209
5911
29222
10958
27531
20651
13557
28675
24133
28587
14246
31012
32394
3624
18323
19312
13483
19191
16591
26883
30565
2740
23316
14841
8303
18952
17148
4310
28500
25896
21364
20006
11903
30878
878
26464
11924
16204
23511
21776
3079
4526
2505
11317
29415
27231
24833
26344
21754
5087
25235
8255
17935
25491
7132
18289
29328
9741
29113
3643
25687
8334
11254
5762
2498
19401
21770
9017
13066
11242
16897
20613
31184
27095
22201
5919
18169
4534
23121
7931
27324
6831
28639
9511
31481
7155
1889
30965
27597
21245
23287
21596
5731
24344
19535
5020
8717
22049
13920
4129
915
5774
1883
8874
1739
31407
14046
4266
5737
20788
27755
26862
13849
16112
27162
4993
25291
28124
3978
6349
19790
11615
2333
25602
8993
26572
32613
1212
22918
4397
23257
13280
11991
29503
28621
8134
22045
31421
9889
17310
223
27105
29752
19980
15160
5161
13995
23318
20012
1879
19007
1344
7228
17851
27285
4597
11320
30132
13345
15657
22101
10869
23005
26685
18304
10757
25407
12323
20209
21641
1640
11970
10754
4294
29342
27548
16962
25058
7932
16302
4549
2666
29032
12439
8639
24730
20934
1789
22353
14296
32107
9261
675
897
11989
23297
25651
5864
28057
20487
7277
9884
6812
9439
14715
28394
3206
29413
22366
9123
20596
22801
1598
3360
25326
8475
27390
30338
29976
16354
19988
20798
4652
13582
3224
12762
14631
3572
8090
2545
16067
4027
11705
17277
2982
19645
23281
8534
2777
10544
19125
2293
23675
4870
2110
6526
8375
28945
18722
13310
28403
3435
15912
22768
19786
32533
26203
32519
15421
22238
6237
18215
10917
4999
13822
12724
26092
8484
15885
14608
23165
26565
12399
30047
14457
11606
30829
11662
20652
20164
20818
31123
15807
5218
22838
23030
11695
9610
17941
26768
24446
24455
28964
1683
10536
5042
11364
11210
6616
28892
5751
15138
3164
7148
24755
106
15830
15305
15221
15191
15541
31867
23735
23499
17380
19853
21733
21334
22081
24501
9709
8190
11857
9655
20630
29755
22066
23686
19474
8262
31697
24236
7126
8339
21853
18157
30633
30108
10747
9767
14843
10465
21179
20605
2169
9005
18378
1460
27358
14362
3562
30941
17420
2775
6176
31541
24923
12329
29100
20041
5169
12720
17470
24926
2515
22124
3687
32271
21882
21632
7758
10296
24746
20533
9380
13587
13759
19521
29658
23969
22729
28490
16273
20556
8857
17062
28754
1482
21020
20069
24447
23876
18408
13969
3977
17336
8213
15796
13412
27292
7758
20635
8248
20932
8231
32602
26714
10373
2481
1936
22138
18971
24653
21484
31262
22856
1981
5360
28239
16190
21889
22261
10129
4543
28256
14704
24089
9347
8773
11123
26683
18906
14924
20855
6434
1682
27933
30808
30659
15643
28025
14753
25107
5097
18194
13578
28792
6938
32160
831
11646
30041
8753
17891
30156
2050
21184
30933
5206
30342
22538
26802
28372
27922
21917
29339
22130
32363
16434
28984
20681
6429
3644
31484
27918
22484
22209
21931
31113
12554
21097
17178
11593
18914
29397
2871
6679
28756
1073
26440
31400
139
3341
12920
12567
14731
24680
911
2450
17687
5646
5121
5459
30418
23845
6186
12753
1700
23810
27864
4152
19039
6209
15882
20759
12963
1556
2807
2137
3839
21979
11090
15735
23896
4341
14797
15340
10383
3798
2012
18408
14942
28506
32443
2888
9347
3929
4530
20166
25889
11132
9624
21357
10851
9551
4502
24657
31074
7831
7469
22652
15433
24293
8058
27947
31671
14187
9145
16443
18276
22799
14089
2782
4616
20670
17262
7314
1144
7683
7196
18004
3090
6104
7923
1552
10332
5052
3910
1629
15336
773
3552
18023
25723
31352
21065
32300
7789
22551
2373
4844
14163
31546
31902
12250
21468
17121
26659
22296
3321
17993
8177
32482
26689
31677
27633
3850
12179
16815
15522
21156
27645
32263
7449
12802
2012
18363
1606
18659
23621
20128
30584
11495
11684
30080
30755
30790
23459
21100
26338
27842
18510
2387
14776
17114
14964
13524
5019
31041
16208
20817
21299
14478
20328
24133
32479
7989
15030
10711
12793
2486
8198
31407
28507
11028
29599
3080
32033
2441
22821
4102
11697
13176
21694
11338
14841
16547
6004
9413
4344
29598
27355
10441
16512
3972
32755
30310
23354
13800
9551
18419
32746
24846
10359
16363
26100
20059
26252
18171
4896
27915
20522
4184
7834
9506
25746
14422
9533
2725
26633
12599
21264
20745
22907
29248
9745
4844
27492
7443
20018
16899
1009
3384
20130
21332
2146
1533
17485
31653
30642
29312
30118
4148
6266
27658
4004
24488
15891
31390
13322
5960
26874
17362
15596
2155
18041
7134
22895
25135
21380
11507
26576
13166
9954
10446
12456
18670
9869
14476
26478
15320
11354
7872
5181
17516
24028
16323
19159
9458
15238
1099
21227
16628
11025
19007
9619
13482
285
22474
25633
182
19995
1199
11291
7698
29290
3548
27780
3654
15808
18241
8285
15326
7628
8162
4716
16155
8218
11307
3644
23273
19254
10884
8805
17937
4884
13862
22541
5296
27823
7213
943
21992
17649
1774
4892
14805
24275
29578
31935
21442
23749
9668
13348
19613
31056
3599
18364
6569
13050
21995
3034
2931
28522
1650
30466
18695
22988
32046
4963
2915
119
9006
10658
11564
30157
6745
2265
25248
30819
21762
4064
11724
26211
19388
23499
25343
46
17775
16307
20862
15941
26027
27066
25721
15977
30013
22857
20542
3073
6400
2716
8109
18365
27382
31617
13804
29305
10647
27996
6236
24420
29033
2159
5323
4449
13521
17496
6123
1965
26153
14811
18434
15810
2066
16866
14308
25212
6156
1474
17951
2683
1860
25792
31861
25032
13740
21204
911
8379
9041
5293
32495
18460
19434
31988
25895
26760
24748
3797
10312
30998
21606
10684
17054
315
28105
8796
31642
6635
21511
27894
30992
2561
18849
15576
28835
481
2425
15652
3453
14940
31279
18130
24131
31444
11178
14328
24391
19104
21237
20553
29952
20913
14413
14044
27320
11382
19320
3376
18821
14078
21080
13164
7034
4957
26047
8683
28446
28496
12421
31735
12061
19748
9432
16341
8766
21459
7124
14339
10133
27249
4947
4541
762
8902
32263
15557
19898
14141
22982
30820
24460
8189
36
12716
17350
853
25927
5889
3792
1373
14583
1240
10201
15066
7669
12221
23242
17251
27534
12187
18040
20162
11631
20536
31518
4509
21947
19199
23818
27990
21851
19970
8086
20271
3734
29759
27738
2738
21985
4898
2720
13136
29944
332
6936
14664
25645
14995
15310
19914
11776
1354
10328
21084
12529
31938
10836
22398
13202
9488
28178
28297
32480
27665
3981
21213
29395
15276
29600
11835
18740
343
16758
31856
31407
20189
4163
21044
31273
30814
7473
2897
14932
21399
7582
9224
12672
31843
388
16816
20404
17026
14904
11936
6909
9370
22872
19791
26118
31867
7166
18106
21737
16551
13882
30726
9285
32530
29376
25447
26257
29990
31453
10304
11183
26890
23216
18060
18116
10276
5526
12668
9800
20189
24294
30049
29273
15780
19167
29901
25941
24373
3038
245
4775
9243
4052
20826
4065
22387
4600
7849
13324
12532
29881
25823
24891
18476
30711
4272
3175
19724
8050
7210
30582
10663
23939
24214
20893
28983
22026
5023
12776
16481
19879
23990
8215
29370
6445
18356
8108
20873
8531
2497
28994
8143
20141
5493
32288
10116
29147
11582
8718
11300
31745
2818
18280
26218
7031
23045
2416
27995
4289
2060
20712
12423
20417
12739
7905
26508
16683
11868
31182
6875
14394
32377
12508
10687
28833
8780
27014
29083
10437
6908
11107
31347
11305
6987
24131
19629
25129
11127
28283
21529
13548
17501
2941
29744
25748
9700
13484
12697
6839
27801
2158
5362
21011
10903
2434
10956
26237
1962
20116
17655
24859
11444
20494
24833
21715
32335
18482
22521
24323
27315
22886
15224
8307
20187
28366
995
17032
14051
2848
29674
23738
32181
31156
21844
20039
4068
5595
29439
24617
21976
7282
29730
17222
2348
15287
31958
16104
31060
21851
14293
9068
899
9944
11649
21822
16843
19460
3112
1029
13703
20454
17798
25114
28918
16329
9611
28735
1064
29840
18015
12686
12574
1609
1444
23471
11053
7685
24315
22350
26019
6630
20425
9420
13741
14201
10299
31029
19320
14406
28039
10099
18071
13478
12661
10689
27045
4309
799
24418
12587
18504
23796
21138
20931
833
13315
6845
24958
10912
3191
12015
12420
28156
14173
15500
5370
28658
7598
22081
11817
3261
15497
3898
25308
28423
14016
22165
7945
26367
8086
10007
5300
14252
25287
24350
1041
20097
28105
21719
20201
6449
32338
31409
23358
28101
14874
10258
2354
14571
29666
23112
16421
26257
16821
450
22302
14514
18542
12160
23660
112
24698
14024
141
28004
30687
5915
10318
26418
21885
16999
27188
9568
8596
4990
31515
31080
22407
2247
19997
32523
1248
5939
27573
9961
31123
10611
17444
20303
19847
8041
276
24400
24402
25052
6780
6167
12357
24175
12995
4219
16808
32724
32296
3796
22342
30269
14689
13581
17197
25619
29570
13051
7855
17131
12065
29421
5292
5302
7864
29829
8468
13623
74
18886
27047
24507
23626
27245
5119
15620
11192
20869
15569
3462
10637
6454
29808
17366
21337
2270
25746
9055
23851
18787
855
14167
7345
13255
30599
13809
12192
28156
4635
9172
24918
18938
256
19405
5055
6928
7959
24256
12149
30071
1408
20453
24363
3117
16920
16688
6731
8448
22336
5137
17118
15081
26849
29278
23213
5788
15021
25486
5029
1373
25511
16935
16256
11797
23269
9593
25250
25765
16788
5005
28225
2938
3646
3929
26057
13154
32072
22325
29567
28062
27327
26515
12388
1080
31060
5610
9052
3223
10916
22515
15247
2128
19645
2840
18960
2111
24798
20522
16061
1495
24447
20306
11366
26294
32145
30794
22577
24188
22279
4812
22588
8926
8853
13131
1413
9718
21176
26594
17671
19165
18422
12682
27686
18556
30823
7567
17485
11935
12404
4933
29142
16715
20703
10743
16938
7762
11780
6944
9513
24868
29790
9437
21964
14568
13900
28835
30216
9420
1813
21037
8694
19097
18218
29369
15922
7050
1452
15476
1409
15198
6958
6707
6582
23980
25020
24419
7126
3447
11804
27715
3962
4866
28243
25169
3445
27621
4460
32001
2487
2401
7284
25269
12401
18673
4297
490
7802
23329
1941
20143
30962
3235
9877
29788
10277
9632
21023
20352
14769
21324
16483
17435
11756
20413
20977
17422
13440
15357
21371
6607
7256
24670
3292
19297
31424
18189
16730
10628
19911
25834
1320
24361
7656
17559
3119
5416
25322
26575
22031
32309
12293
21242
23392
24337
27462
30462
8253
26365
5173
27991
20483
27764
23988
14954
18006
25113
7978
2582
10597
6127
24801
6797
31087
7368
1965
18786
14727
21504
25551
30435
5524
4970
10008
13224
10651
23947
1618
27756
20033
3078
2523
2076
3723
32344
20883
11310
10985
8389
20472
6964
19827
24466
16528
25009
21362
23157
23944
17707
20514
27722
6298
10625
11446
23303
23348
24703
2461
17394
4566
6064
17668
6162
1723
22643
19100
15587
20413
20049
4253
9550
21363
18318
26123
30423
10652
9214
30264
3865
23232
9754
9610
32111
17172
23123
11134
17653
7327
2215
3565
31407
29851
25713
24974
5127
4126
28293
29629
31101
1017
15740
16762
12698
992
8269
24501
14373
11468
20254
14537
21914
20126
7769
17222
2776
30981
26625
5619
25882
20385
8007
32019
20008
26985
16984
29928
11471
16202
7802
11638
27022
28176
6743
31625
11154
20362
31384
23289
25061
12009
21686
26157
27874
7274
9229
26334
31724
9269
13619
25629
29535
27780
23431
20888
28359
32519
9485
17433
13136
16776
121
20303
9854
25035
2441
28881
7454
14520
28568
11360
5757
26811
10865
15724
14295
15212
29025
474
7186
619
10384
517
19372
32654
14480
14851
28915
6207
1079
2089
7284
22559
28842
25809
11701
1776
13243
18266
13351
21937
23669
23665
23638
26378
18932
29071
15715
14059
1147
14787
6836
9585
11456
20402
28138
10505
30090
6364
19731
27607
23422
28193
289
22617
3894
11651
24732
22855
17812
6445
17043
20670
25174
10165
7640
2718
12522
10654
10349
11825
8067
26657
2873
29453
12396
8492
32255
7483
5533
1196
24465
1176
10892
5896
7745
11132
16453
7405
1177
10394
28605
29777
15948
26663
26211
32434
10603
2111
24825
159
18396
21636
18594
6778
25865
9480
9788
15996
17365
9325
24559
18425
26836
16714
29958
6118
21691
20177
11262
23192
17173
6319
26333
23246
16696
28212
4550
1522
12664
26804
24521
1436
3738
28973
18943
4696
908
18729
1239
25513
11091
6886
24491
24910
3396
21685
17047
31171
10615
21408
16010
16907
10617
8527
25501
17069
2369
18733
20900
5629
19557
2246
14083
15260
5006
24435
12740
17730
9770
16698
18150
16571
17504
28912
25591
816
21833
17824
7909
14760
17757
24369
10257
25294
10539
3650
8869
5621
30798
29529
22312
15193
29852
6461
29775
6568
4512
3744
21014
23745
28747
17153
27408
31163
17126
10961
32763
5161
11595
28373
6552
18588
30037
10955
23738
106
6037
32592
25756
12974
5190
31489
6007
13968
2179
7905
10580
2759
26552
507
16671
13916
26967
22600
29694
9904
32460
24786
2785
11968
26034
32538
18009
2984
10823
951
5293
4710
11805
26689
28203
27361
1811
621
19388
31786
19076
29305
27579
28161
6334
20683
22791
25499
31926
24277
26711
21410
29690
16187
8142
8574
13030
31032
15568
23507
31003
19262
19475
17482
2605
4316
2041
1173
7836
16357
28957
13485
24838
16591
21803
5726
19354
9817
14326
10758
31184
2160
21188
154
16983
1620
7660
28393
11599
13303
6308
1573
6841
30374
17172
30111
11564
5354
32431
14802
19657
32177
18626
15523
22129
2729
845
19175
19253
16877
16403
806
5133
23267
16877
8606
11725
2660
10339
19851
20822
23070
31101
19366
27657
3895
32215
14828
31874
25651
8948
14496
10114
6680
22484
9363
6444
9424
6089
18083
1653
30414
6022
7298
25302
12277
18553
7865
7747
13237
9819
10220
32609
27255
773
24927
28148
12859
17541
22713
16790
17023
18801
8968
26799
1891
26491
12550
31649
14348
14406
14491
4163
11334
10360
22434
24977
13677
32017
21488
8098
32397
17147
7314
31706
14280
23777
28759
17760
4344
9029
19855
10706
18326
19149
3857
28216
19419
1246
23171
13367
16676
3692
17365
8072
23963
8465
18959
28584
27924
31324
4429
25040
31541
28011
32263
28455
26842
12988
5526
15159
28855
27200
18420
18077
24384
945
1732
14853
453
294
19858
23894
4322
18405
32603
3882
6678
29560
15696
20609
11442
24323
6871
14518
19957
22740
21203
26034
30837
13372
25125
15455
10944
11677
11123
3423
18756
21701
2087
29183
22380
29050
27323
30054
19468
5718
30261
24083
1279
21974
12013
11142
7695
19885
10390
7228
12052
31838
21884
20449
13664
5385
23307
22978
11355
17797
3985
22401
6507
8880
1349
24588
3863
12035
18055
24271
27499
12138
10089
12073
21918
16978
20591
3101
16114
27907
26259
10315
27356
4912
29836
542
16997
3276
31056
18502
30416
20000
16344
25193
14205
22043
25635
29205
32525
22249
10621
24570
15303
19655
1537
18774
22330
30485
1885
25008
24868
26540
29909
7369
24979
7283
21131
13520
5706
22317
10749
24789
8038
10133
15311
20352
24386
23469
32459
14851
4503
19027
4134
9037
24040
11285
30980
6016
26909
30278
27967
32678
10862
27729
26468
23968
1922
23374
17919
1118
31704
13267
19993
8278
20327
30221
14078
9262
8321
9231
9028
28092
17661
11881
11016
14129
18069
3837
23419
10385
32397
1550
20382
7527
5270
11674
17993
29366
25841
22250
22898
28978
4567
26215
15020
10160
17433
8623
6382
18908
24324
9192
5014
26410
11143
27733
24237
3599
16024
15142
31853
12144
7891
12437
12288
22107
28004
25134
3467
2037
5672
23150
19307
24499
19215
13968
14527
15309
20165
22180
32038
3568
21137
21473
1482
9268
27517
12604
17309
32333
25271
31290
7906
773
25911
17410
17392
10730
22178
17590
11570
27971
19310
29955
3699
6217
28232
28663
1368
17812
21682
1299
13102
8660
1777
12450
9190
18113
16166
28233
9822
16981
9147
6622
31203
7736
256
21117
29939
31612
17942
5081
2375
5770
18701
31185
18705
18268
5705
25156
20866
20973
20266
24869
16015
6894
23532
15058
3061
5307
29899
22689
1914
30861
18027
27580
14454
8177
13688
12848
24723
4729
1417
4672
31185
7089
26443
32767
21965
32084
12763
24862
16962
4544
19315
25346
22224
29352
1353
30489
20476
30729
28340
26991
7033
9055
25489
17788
31142
19224
23013
32065
22615
6729
12996
1683
19160
14496
4721
25270
17199
11930
966
17453
28834
23029
27350
18129
26489
1641
2770
28193
30213
32403
9001
24025
19169
10546
26611
198
20600
1685
22928
4568
25031
8788
16268
15225
15461
19775
19142
16669
21440
13204
8914
26394
27049
9077
25243
3259
4115
6040
18509
11407
30743
23105
7282
14087
12860
21613
5211
31552
17398
23888
13249
4638
13932
7682
29100
32666
638
23926
9364
32349
32263
18603
31174
10637
11871
2854
31754
30951
9253
19359
28035
17166
17467
24827
30934
14882
8721
21370
32143
5781
20263
32306
31680
25658
17357
25788
25322
9631
17710
4397
18465
16797
27788
3655
18284
28461
13261
20977
5227
4989
11063
11237
32316
17988
15480
3241
27294
28754
7913
14528
3159
14443
24851
15393
22740
12885
11123
12776
272
1072
8314
13388
29111
30214
32216
2257
7818
8099
25338
23742
7429
10407
24785
9682
21055
20185
14038
31539
14355
9918
24907
31399
32125
19051
23747
3590
1606
27287
17124
9456
3556
30196
9324
14011
29084
19136
17522
8367
26089
9878
6383
13430
6945
18571
13436
2766
5462
31094
32093
28289
15226
28303
21951
29591
25031
14908
6462
3786
21342
16167
5034
16698
7983
22932
21771
11362
11288
13042
1762
8779
22609
29615
9906
1535
10247
18257
18879
4161
18247
26307
19990
19579
25374
7404
7373
25080
7679
31110
24972
32083
9060
9774
23373
28208
7864
4535
10847
19753
6517
26052
16305
15884
1162
31382
20813
8771
28927
15650
30755
20371
15323
15207
23304
7946
12614
19198
2814
26674
27371
32243
29878
15499
28064
22995
2899
30520
19017
1286
4209
29945
17913
24159
7526
2137
19803
13042
20935
32297
14161
1574
19247
17964
6874
8203
19003
5140
15417
21997
10457
3245
21844
16681
1475
21337
15706
22591
18758
3004
13224
7721
26440
9144
20974
23531
649
31132
27021
6252
21801
12952
20548
17028
619
21877
24588
16726
13752
32130
11840
24288
13031
14802
15873
16592
15291
27812
12761
25497
28333
16163
16542
19399
748
32080
29082
24975
1443
28220
25576
10923
31866
31866
9505
22117
4447
17108
23353
20465
11142
20797
17827
19199
6574
15879
22972
32401
12711
22358
32358
522
2321
2261
10995
136
11110
18855
27974
13940
28987
9889
6964
27992
23746
15542
13104
27120
8084
14258
12328
131
11693
10540
21674
17267
440
19381
12619
20
30350
1622
27209
32186
23033
17466
111
13078
7357
29863
8505
26050
17369
18227
16953
26650
32522
30772
3001
26958
2193
16760
22178
2997
12854
17206
16797
13668
17293
31045
8567
20224
3448
4236
20682
25808
22253
12474
8922
24086
1785
3639
32189
16032
12293
22618
24511
9882
24665
22492
21508
1190
23518
20876
6767
11823
9000
325
1731
20985
27571
16669
23304
30973
28013
12512
8497
2421
10613
29117
18427
51
3619
19006
1816
21558
7240
18046
20109
14463
29111
10390
17753
12321
23812
15704
6999
10392
24203
26944
12901
3675
15028
423
25286
4021
374
17978
24261
464
12058
3755
31131
7187
19010
166
21907
32173
9001
25095
15724
12658
6188
23370
11519
9191
906
15938
19746
16280
13928
9486
26315
9138
9496
32074
4473
10445
10394
21378
8399
10250
31075
29420
5506
14430
18270
11606
5494
22061
4913
24413
12068
10523
11457
1248
27711
23583
31480
29108
30615
15321
28870
665
23101
3877
21349
23149
5096
24048
13794
32672
4759
6730
19929
28136
19832
24509
1408
28726
1801
15581
28390
22248
31357
15137
31869
24128
30817
6385
8919
22805
13951
27136
18349
29640
22275
4572
8741
9082
27356
19652
28756
5500
29541
15033
9730
13063
10053
8407
30894
3374
32404
21734
27858
17680
19007
1837
18537
17490
23213
24198
3757
22989
31138
6840
26917
3715
15204
12544
8671
18136
27421
5873
4859
1023
5761
12159
12137
22962
31920
3670
2290
27686
25694
1392
30589
2622
7473
12518
17803
14335
12394
29958
1541
15684
1224
8871
30519
3250
31145
13753
5916
5871
15731
25120
19676
24079
25394
25283
19347
23887
31619
16095
4692
6406
13488
31138
11630
27352
17948
24565
7405
24109
10978
26777
1124
12513
28601
23157
2026
19518
6171
11566
31331
18983
24230
22521
16641
23189
21698
685
4106
7496
9604
19741
25819
17334
32722
8356
24877
3912
27592
16385
27543
32709
3931
2405
14676
17934
9788
7883
9543
20237
12543
26760
30780
31464
8061
9763
1649
21626
31351
358
18005
23811
20604
22453
17551
16414
27148
11679
6466
1012
2301
179
17039
2480
14110
27541
2140
29235
26651
20561
19796
15112
29344
31982
28975
10138
9409
32327
10292
19108
30618
5398
27644
17386
9778
338
27000
1575
11174
6075
4150
14662
27779
21939
9951
3284
3955
26447
2309
3766
18716
21422
29211
23063
8005
17289
31173
12965
26426
5644
9555
24573
882
14308
12935
23907
9328
28826
32671
12727
4327
6687
13455
932
14625
30376
4495
15899
6561
6331
1749
22784
12552
4490
31140
6691
3381
22913
23173
25201
13232
10011
28885
23404
26953
10233
32639
6360
7420
20533
9995
695
31256
13300
10456
7032
26017
7994
28581
30316
27378
24579
342
29305
23462
30351
15861
3346
9913
8189
4088
24934
10987
28443
29122
10200
2149
26493
27756
18864
13727
20172
29636
23824
23425
10337
17302
7465
15561
3858
8747
12974
11436
24908
11280
24713
22720
29539
3352
26830
27161
15397
19108
15853
16818
12213
802
21547
21519
15511
18132
10067
26657
7943
28115
18600
15722
32399
3923
2335
23906
2520
32296
5067
7192
1217
28298
3225
3100
31918
10517
1853
27037
5922
28435
27244
16591
11921
29694
4940
21391
12655
4161
19753
586
30605
4415
29033
15387
421
19094
17346
14899
22324
19621
24234
2686
30343
25676
17423
11652
2841
18418
26185
19341
24092
5581
15693
17672
13654
1885
15395
8749
5166
32314
15002
9698
4871
19984
10042
2011
16588
26600
5498
6662
17100
19113
31795
23846
9929
23774
14421
18621
6987
5049
10201
18992
570
2904
28918
16166
4524
29768
18840
28465
30460
31304
21262
18608
12316
2127
24066
25844
3884
3536
10927
6049
7243
10556
31054
3415
18861
23497
32465
15762
11757
10866
4564
13263
14501
20542
9169
29681
5437
26054
23187
32226
12288
8689
24045
13437
4469
6147
11691
11180
1004
5846
5065
8653
14167
3430
1763
10331
22363
6292
4333
16330
18343
7715
3620
27314
31365
6407
22596
31792
5550
31455
12796
9610
22883
18112
1695
1809
32185
18740
21020
18508
31285
4482
17712
31570
27544
4144
31194
20344
3068
32455
19472
22316
28960
29910
10928
25889
1281
20025
29881
17581
27818
18075
14011
20847
20812
28218
23692
12852
16273
23530
11069
15131
4398
16477
5964
15096
5304
16033
19227
14327
26552
11754
29089
24450
14081
10386
6496
11620
22849
3166
17303
3630
30679
20483
29624
217
14820
20969
21276
31662
9637
1070
15606
6243
11264
6638
18054
19335
4700
6594
6031
11040
11958
31110
9994
2194
10737
10080
12316
25026
15470
9213
29510
28028
6365
4638
6108
18194
31059
24404
16824
32070
668
27143
12079
2154
29138
18621
29508
27590
18478
5785
8220
1594
26911
26914
30130
22053
24217
21319
26828
13445
14256
6559
5678
19295
13669
31733
30221
19297
14784
14339
25542
9414
11551
10622
19920
18298
19917
11091
8687
11902
7638
7729
18859
14991
25370
14407
19201
8194
28065
591
24920
27635
6190
9675
8887
25758
14103
28814
1332
18701
26963
12671
22704
13300
32725
21146
2241
9689
28440
21559
15088
31351
32508
3471
7461
19813
11472
22140
30815
4595
29616
32384
23464
25173
28433
13577
29513
18947
2970
18163
24634
3935
14902
21839
9180
16536
22887
26979
29674
1999
18653
2545
2733
2681
23367
13757
18288
22533
6761
26441
13108
11198
4462
1507
15781
1522
4480
26593
17996
24660
9367
18988
17925
415
8846
24827
11444
13436
7292
26081
18228
26022
4673
18186
16784
27980
9823
23490
6518
1975
17420
16950
5352
16684
27525
19071
4405
22804
6308
4828
15912
24666
30645
14655
6527
5909
23686
17932
16030
19815
12221
13341
24197
19364
18030
14857
29696
1463
22509
14502
2077
7618
1505
29388
6883
31237
10906
29276
1089
29185
24997
16001
24901
22237
32413
18230
24975
23304
26179
10761
2308
7456
32209
13342
14791
23059
9356
17782
6757
2692
27545
31089
11343
28528
17
14482
9870
21009
31576
6019
26802
31490
3498
10073
6667
9381
14070
6936
18716
27842
496
26234
8013
2416
30050
14828
31968
17721
12226
32730
4390
1657
24842
16172
17139
26119
5828
1809
32079
6423
3684
18427
13422
12895
475
15851
14051
32377
8809
20462
7952
32649
13747
2279
30945
19487
2325
3472
28602
21855
12089
13244
6317
22623
15337
7903
11505
32464
29217
1487
18575
29409
6249
1484
351
27232
26465
9919
27187
27938
18078
29887
22098
23206
19380
21209
28968
29429
12180
27409
32315
26316
11801
24484
21857
13053
989
8592
28465
19219
32337
4182
5559
22325
21005
18175
3436
2381
11108
14941
19044
19817
11580
3219
1482
22881
21020
14808
18314
24506
25479
631
14413
27082
31625
13850
20394
7453
17551
17481
12954
28696
27516
13870
22061
4572
30712
30107
14972
2413
32523
1358
20959
20500
25580
3699
26720
27393
6931
26474
8047
18485
9109
30667
20951
25247
10929
7591
29680
29061
3494
30737
17430
10022
11720
15069
24411
17054
19155
28584
3705
30985
22399
18457
24331
31211
31829
25957
23804
4816
15552
14617
63
13871
29287
25364
8896
27028
4794
12498
4763
24318
29387
8689
5261
15750
32096
5613
27303
23874
3910
1839
13130
31337
28136
30534
13391
9144
3104
28788
26246
26644
4428
16492
21858
1904
22181
20570
9970
10993
20172
15908
24595
26704
2982
6895
14565
5249
22122
29414
5499
10642
3576
566
30423
17365
16237
15197
30741
31297
11508
677
11238
5654
14047
17131
28224
28096
23286
16293
32340
26366
15886
18468
29889
25667
29662
12310
27143
8541
30991
12622
24894
17236
5010
6856
19208
8085
3382
28903
13508
32335
31866
25346
30724
23582
3999
14879
32321
28391
3586
9470
27854
29187
937
1370
19723
32159
19228
8811
1243
28002
26998
25775
13144
6737
28859
32490
17861
27632
23660
10348
22723
1194
7257
19602
14792
3443
16823
21391
7374
25772
626
26732
23112
13383
1733
24654
18778
13099
13575
9976
2633
5594
28616
21648
21809
29265
31260
20646
8438
6960
30263
9842
13948
13850
12858
28253
1051
4447
14157
28868
17741
31960
20206
26104
21162
10771
29320
30601
11799
22448
22856
26308
7994
19467
6188
31866
29745
25372
2141
9731
14979
13211
26558
25475
1110
3943
26565
27500
3555
25384
7818
10052
22312
14643
3613
28073
1500
25519
13853
7570
9128
4598
25478
32471
3220
21822
13003
3060
8640
22649
30757
2314
5204
20346
554
3110
23737
24920
27297
23238
12810
4631
27029
16537
5573
28549
24232
17287
18375
1379
1194
22769
13943
23749
874
58
16193
2748
21452
26246
21318
4657
10780
30657
21585
7444
23202
228
15885
20663
27767
18291
28534
16756
20119
14922
10382
18838
25398
8090
4177
18295
21848
25647
22250
1765
27804
28660
18471
22986
21336
9144
25131
9228
747
25650
17507
24243
19023
22083
2747
22090
8942
12412
26897
10375
18359
17888
6889
17710
17008
11755
31587
30258
25422
11731
22891
13085
22211
18189
23600
17331
19863
3859
3031
30162
27450
13413
21104
27293
28249
21709
2345
16090
18351
2280
26049
4759
4894
18658
23616
13332
9982
3713
18662
29149
11701
22629
30305
22583
32135
29326
21571
23997
8880
10270
29106
17227
20400
16992
4193
11035
10215
30986
25536
11054
6241
14271
20592
24302
13043
23768
16378
15377
16263
21860
23744
11968
30644
14957
18996
16633
8338
21374
11591
20786
30412
8801
6437
7231
8438
23597
13343
7797
7201
29569
10472
4112
22189
6154
14341
210
27999
20299
32127
22253
16051
2717
16091
13603
18548
24180
21835
3116
905
16101
2086
23384
12818
25957
27542
25717
21428
17364
6033
22259
13360
10426
19210
13894
18491
30928
20328
32652
19594
8642
12343
21104
23340
10803
6941
8526
27420
769
31760
11416
28183
32203
10695
19832
171
3249
13934
21430
24721
12123
14494
31453
7484
12605
8332
15001
14002
7449
28033
30308
7835
2501
22410
20577
20375
9262
16752
9096
28373
6813
1770
26884
11234
19769
31506
3289
21182
26574
11030
30154
17461
18636
14640
17530
18540
22931
25560
3537
28603
15341
3384
5281
30138
28892
22240
18058
23199
23703
9659
27
9927
19407
8769
23609
3218
24118
2287
4805
23668
31298
24308
10873
32585
11822
24366
531
27369
8771
13140
29878
17661
85
19829
7565
10257
29840
30113
32433
16106
11125
24550
3917
10777
28959
24190
29952
25552
21963
1094
27778
5621
31639
19314
9611
5749
29066
5247
5616
32219
16341
4458
2063
3105
2392
28960
26734
20421
26216
24373
5791
17184
23760
11224
15719
21492
6421
12295
30239
2372
19711
16895
15193
15208
22356
19959
28359
4704
6375
26381
30297
15977
6865
25729
13478
7886
27135
24353
24717
19201
19437
8964
28
12778
12464
27003
2736
17279
1594
28485
30302
22677
20698
15106
13458
19701
11522
10218
25078
32691
7757
2239
11670
11707
20416
30464
15169
23213
10577
8800
1330
15339
24229
13431
240
23024
23326
7350
2930
23523
12053
22688
24711
12651
25188
3127
8565
3782
20520
32437
12000
28437
28613
20349
23022
4346
12074
30545
12457
8549
16982
27077
27045
2219
3098
27380
13026
3545
1057
28017
26611
17479
15919
3201
29536
30576
30374
30343
24394
2304
18510
23487
22861
29999
28501
13615
11691
29006
15765
30683
32166
22687
9238
2105
13613
23402
30164
484
955
9293
18370
10132
23677
26580
4622
3918
16819
4682
30375
24280
24408
1998
20733
11376
14597
10921
29448
22461
28435
7134
13195
28422
24320
27139
12698
29858
8979
8784
29018
6320
13635
30710
13832
15112
14678
30129
15676
18801
12870
28065
16239
19988
9960
6998
22971
16944
31183
11306
17635
30992
30831
8659
32147
14138
25982
17208
16873
18922
672
3972
2099
12990
23874
26489
21243
15283
25286
24840
1601
1872
32737
31006
8711
28961
20290
6080
1555
21095
7029
6746
8944
32526
14342
22612
15414
3807
30185
21991
8203
18167
14105
6447
30698
14200
25984
21889
5795
24958
20759
24830
26531
31061
14670
10344
25462
6377
1454
5429
11658
30333
29117
6626
16182
29600
12322
22666
17402
6237
18697
6071
2825
20147
14281
31096
12804
29253
3012
10420
27913
2129
4239
28861
4076
13286
16724
29480
15556
14930
2932
28637
23466
11226
9328
21354
16317
1199
30473
32669
7530
23069
27558
593
13802
26628
4087
11912
23563
4748
25048
19386
13876
12309
16760
20333
24995
12141
20154
21766
23290
28230
13787
18399
20474
21479
12118
29593
16014
1057
14084
28340
1291
16005
16008
4956
18358
15828
24298
31366
20359
11191
19842
11580
17964
31920
6168
53
29521
18513
27721
19881
24351
29100
28204
355
32258
13322
25142
11032
18864
26592
11867
2807
27495
5118
30326
19585
23413
7946
22507
25499
6654
13613
2187
16354
25850
13836
23736
19006
3965
16122
30921
24762
24123
9579
12720
17555
3403
30124
24793
11918
25387
18898
12118
32143
29957
3313
7226
13160
48
32398
16962
13295
31994
2646
8379
31315
20133
18448
27551
14512
13487
14288
9986
5600
24919
3693
4524
32149
22876
9782
8968
13988
264
26593
8253
13220
31341
16324
3226
20920
14575
29512
31031
31145
28162
27290
30681
22328
13109
17059
13591
6834
5488
15163
32187
30916
25977
21913
13163
23697
29117
14094
29833
2
3406
9204
31575
24157
2088
9953
30815
13594
31928
14368
27666
1778
5791
31073
17327
21816
14003
22959
15718
876
6214
13731
22462
6414
23468
18391
20532
21936
6647
32158
29988
19279
26117
1010
20205
29411
24253
8366
25681
28469
13973
11262
7706
29169
21591
15891
3587
30460
28966
25883
7381
18951
22460
30576
25553
2661
10485
22031
13646
8473
18833
13133
6307
23860
23861
12741
15687
10846
29364
28565
10551
5554
17805
20938
9880
5327
14517
9240
13470
17195
28310
24783
32684
2475
8791
13578
9405
25713
9822
5417
17410
15094
11283
30082
9932
32344
14567
31572
31917
501
27798
14844
29658
16952
31912
20588
12500
3507
2366
31448
26952
17518
12043
27826
9779
8575
31393
1753
29001
17115
8430
15886
29080
25452
8454
17831
15209
31588
13091
21127
22375
15056
10473
2637
17667
4720
8943
29388
31766
16070
16252
30140
12744
2413
9870
19630
25778
13484
5921
26950
29759
17739
22957
11684
18264
7845
15345
2339
17984
9471
31215
19782
11196
23064
14392
20207
29048
10241
29545
10194
23462
20015
2294
11306
26600
9423
15654
26794
9072
10841
25183
15543
11365
3944
1444
25812
25225
13513
17500
2398
2842
20434
12117
9593
27638
10485
24328
23114
8706
10389
7455
615
14027
9751
18228
6539
14702
11581
20188
19599
24246
11695
31460
17813
27781
18651
19930
2183
29813
12799
13775
29632
8638
21636
26972
14600
7771
13454
5603
25286
21352
15825
17175
14705
2255
29862
4031
7496
10275
15710
11191
10307
9932
11734
13111
11337
23397
7499
20311
24995
16994
26224
16339
22961
30198
4030
12812
2523
23860
19980
2384
715
22132
5471
31835
10201
24824
11267
11294
31431
2511
29659
6079
20399
8186
24053
4576
32057
29646
15457
6948
23825
9625
26180
17903
12441
18312
25128
1902
15835
22216
2710
6616
14529
20460
24807
21491
19592
25231
599
6617
22898
2106
29531
19196
15035
648
13621
20840
10447
1159
22981
13896
3002
2914
2466
24492
20960
10813
12393
23433
7918
19809
17237
23553
26384
14489
22032
18661
19045
17627
29129
2681
17584
8491
25223
29047
1360
6845
28349
24662
882
12378
11550
6603
8837
29956
27826
22673
31470
1501
25386
5222
6909
5957
5489
6230
21536
23875
11907
20027
26711
21286
14466
25477
11240
9836
27655
11063
28500
18658
2486
24882
17801
28173
29205
12982
31321
30665
28574
12326
19755
5680
26386
3083
17393
7869
25105
19292
10842
24241
10216
19197
4424
27830
22698
16005
25220
15811
16002
3140
23729
319
18759
10885
2942
2153
26705
25104
4128
15607
13963
6643
19968
27389
11466
4226
20400
25105
20061
9629
30756
12717
998
6705
21535
1237
6248
26881
8171
24825
3232
7335
21837
19484
13465
18133
21944
7734
21371
31969
1217
471
10659
32129
26323
26638
10489
25555
6180
29577
17278
2976
12263
7933
2085
2785
25540
8905
484
25730
32645
24022
3338
22631
1298
17857
5843
29869
2207
8764
31546
19506
7460
6065
29966
30295
25869
17705
21576
15364
6963
31085
28316
5613
10252
17258
32334
24596
5918
25050
25415
26255
186
22049
31336
12172
15334
7797
32542
9874
27803
23362
11063
3338
16945
25549
2292
21501
31255
3607
11103
17183
31431
11780
16606
4365
6905
4028
13321
20691
26903
29010
20153
22705
1778
16292
4961
1567
28083
6786
16546
782
11796
25618
13081
28785
208
24434
6524
6652
15191
8864
12005
5931
31943
24471
28525
32135
10008
18619
31485
2085
30870
5239
6753
22639
22933
25637
6814
13350
12896
4654
29318
25768
23922
11122
26249
7023
2537
6122
7886
32731
8759
13963
25475
18993
2843
28782
29553
4067
20176
1839
10451
9490
2180
8851
24680
14161
9227
24941
22215
1452
17877
29122
28659
23017
28445
29739
7471
9997
12900
11899
21779
28962
3102
20898
20960
25144
13227
22225
2577
12458
30856
14303
5938
15010
32711
1772
32501
31455
30140
10564
4739
15030
2042
14725
22544
9559
15230
21765
12978
8274
29481
22638
15475
3418
14964
20395
1701
22856
10335
7432
13429
31843
28330
7060
9155
20446
26952
16586
6193
23714
16913
369
7290
1870
31927
32193
3590
15740
32507
14535
1723
2119
26912
24331
6421
10250
21152
24687
4729
7529
16159
24922
14278
17302
24477
18198
12334
24525
29679
25463
4676
18977
24688
958
18261
4987
19444
26300
14588
19680
23037
24123
31985
21490
21810
8089
29474
18618
24076
1974
2565
4260
29139
22033
7468
2763
24009
9005
8730
22903
29349
5690
5973
25828
3138
7665
27068
31558
16793
12480
17435
12809
20717
22567
31997
27741
7237
2914
5825
10994
18975
7496
1520
2304
24163
16755
12750
2699
24470
27809
25391
8165
23632
5210
5516
628
25840
4563
24150
20149
19854
11283
24202
32641
19505
3412
29318
11920
18242
10156
5147
15931
26689
19692
8931
20614
18103
32201
1749
12125
16236
13369
24854
2590
19417
11552
16146
11352
28128
29996
972
4563
955
15613
31602
31696
6195
14474
19765
27537
786
3520
16216
9756
28122
5740
390
9533
4279
31066
29032
6602
15283
24254
3447
25386
41
17364
2575
8216
3708
12740
15557
15525
7176
23496
20987
8572
25945
26768
178
26730
8347
27366
12447
14878
29778
19854
18048
14637
17996
13936
2736
7769
30419
9465
24057
27154
23591
20414
12458
20285
4651
1378
28650
15157
29278
5306
23884
7951
18445
48
1188
24099
5319
101
17432
1479
30994
6683
6778
12894
5468
19281
12245
17810
30516
5039
19525
20957
26298
23589
12556
24398
10324
464
2019
28042
1699
2077
23694
22289
14518
13872
21683
31170
30845
9095
6636
18594
23936
30682
10779
10969
20432
25158
510
19453
10046
2987
22019
16787
19148
2131
19805
10707
25697
3284
29527
10156
31937
27191
21224
24584
5051
5465
28808
23633
2213
15762
5699
30260
26373
13973
9740
12453
27537
14743
26195
8739
21850
16820
31962
21565
22340
1934
3012
15445
15801
24631
9455
12708
7326
849
1923
1150
6534
31859
23499
6871
9766
19407
24900
13831
16138
31250
17140
17866
646
9100
1533
27787
13294
16017
18034
6370
32521
8479
13929
22619
4036
2496
4946
18297
21028
12210
1415
17146
28286
7750
7716
15965
21994
24454
26392
25506
29429
14874
14716
24657
21142
1645
20004
957
22884
24331
15476
4746
22789
12366
23413
29549
6634
27449
14632
6451
11577
24484
7195
19973
6923
409
17209
17386
16600
7679
22502
3725
29743
17013
17996
27201
15787
23681
28655
29762
16418
21482
27784
14397
8223
9314
19728
14099
32659
14952
5403
19163
25031
5997
24167
3110
2965
310
23221
7302
13272
16513
10199
31313
6177
13035
10763
16802
18860
13329
24711
32417
18066
8694
26709
29956
13119
165
8545
214
18471
279
10705
29815
18357
28502
9108
6117
4228
19427
30782
11577
8146
5205
3859
7797
6194
32580
10593
14460
8320
12133
22804
5986
12058
8694
17796
10214
5453
23645
12945
25149
24334
7436
32242
8722
23275
5031
1738
16330
24129
25705
13180
20236
6574
31428
2497
9857
4553
28487
3320
5336
4113
1221
22205
26382
8228
180
7612
9196
27954
25299
7879
8401
5040
16400
7207
21425
15185
17576
26416
1630
3378
8592
10265
20230
23124
26900
22538
29181
1616
7870
8565
4285
2630
32377
6826
18988
9239
16118
3750
12317
1492
21327
18476
13848
6518
28650
4888
32094
11471
22177
26607
8744
6592
11807
30138
28208
16045
26765
32277
5234
23342
32111
14211
23092
9479
31432
10756
20804
10587
12677
14826
1921
19996
280
21736
20380
1990
1636
30060
1824
5965
12761
28718
32176
25683
2272
16393
24976
18335
5753
17419
21864
22987
20258
9160
4932
6716
27644
19955
16606
600
297
17711
22816
22770
21368
12066
20197
23049
12612
22987
19712
1715
21145
11030
14207
12628
1177
11950
21041
6675
9246
13843
12389
12175
11169
16108
20981
18381
22619
5022
4483
25974
10921
23069
18435
23871
17845
1283
18809
28584
29267
23263
7940
10985
18729
1999
8732
10537
18451
27985
23832
32498
22214
9302
21747
28130
32435
26008
8271
12195
23086
19502
28602
27933
32463
9821
27441
13801
26392
18610
2274
3081
8025
5965
16694
22487
14801
14720
17423
22588
19990
11161
4943
25378
1975
8955
9881
2604
2079
30836
31835
30628
8124
3274
15372
6069
8801
23447
19890
25050
23273
12375
2728
22166
25118
12736
27550
1382
23769
14162
22497
12020
25962
7470
31197
22413
9273
2603
15584
24021
23470
23591
22560
27065
27471
11931
2816
18342
3624
12146
28303
1016
22640
13852
81
23222
14441
20702
19011
20348
32392
15468
19481
440
12502
31161
2506
4377
11670
30222
25422
9797
24872
31066
6566
29643
4909
20169
9502
17240
3820
23447
16591
25389
10997
6183
20327
2000
29699
8015
32045
30210
32551
18422
17215
2290
10019
31970
12318
26800
14612
18123
6509
1252
21589
15540
6902
10176
415
20091
1774
13619
17781
7598
11130
27232
12735
22688
4466
12622
15029
19388
6244
23777
21246
7450
5084
24841
4889
26192
19938
23353
28669
8331
4805
32539
17660
5854
10775
15234
13549
21209
24825
11168
9866
14174
2457
10361
24599
15792
5112
3735
1605
2253
9201
3071
597
17150
18551
2661
4992
31148
14366
2460
3991
27509
14044
32336
5863
31871
2321
2295
16223
17676
6086
6405
31477
28239
10802
20575
15685
20863
22659
15123
9339
3369
7131
12102
10612
1226
8088
26990
6944
32413
14296
14529
26923
21426
8508
20460
476
26176
28141
3593
18237
21052
17373
21451
24444
3114
20560
14588
25745
25140
5274
13866
14113
4985
28714
5789
30882
29095
3015
18060
28865
16588
2586
20880
25088
18793
8557
9560
4516
20681
690
27807
1742
27536
12743
5723
17640
24215
13048
23863
1346
503
12742
25412
13309
23140
1254
13803
13353
23741
13197
20007
12074
4064
24555
24817
29536
195
15093
5115
9735
15553
25960
27296
19547
17969
25099
32539
28672
14141
32052
23544
25250
1778
19853
2505
25817
9363
12824
9498
13391
23859
29041
4263
17700
16258
24148
6092
10897
29160
9566
5436
29388
11984
10264
29174
31276
23367
2353
4213
31118
27589
19979
30759
21495
2890
14714
21793
26491
14509
17352
8209
25949
20017
21500
628
30071
10074
7771
19209
10460
22783
19504
1669
32701
12191
20681
4232
1673
26617
4034
12496
20056
21974
14470
6317
17546
27946
31506
21684
11691
24923
31228
1720
18330
20193
7604
31734
22251
8975
11531
29584
9097
13872
20209
10557
10400
19414
22915
30782
31674
28015
4677
10900
12072
21273
17323
18544
13219
20152
19423
31723
32051
27973
2238
23799
28496
17001
17699
14741
21575
4682
2921
11849
25568
19877
299
8907
7486
5149
12366
32512
30726
12498
24898
11304
12484
17718
27268
13913
13450
5660
6504
8748
28634
12050
6165
19126
1221
20465
29905
23482
11349
22706
11903
15388
18217
10115
27237
31897
24927
7450
14131
7862
11703
15178
321
18422
15348
4564
7193
13648
28294
28031
1333
736
29543
32107
17418
7133
17475
25250
2885
26315
29147
24048
32596
498
16043
4085
17960
9230
19658
32632
17465
30024
25363
23038
10955
29797
3458
8859
15216
15422
7392
17161
25807
15728
18851
13047
7331
16468
32272
10659
6919
17202
2978
3499
23280
2225
20399
5921
1019
27282
2889
22493
8553
17566
29283
7703
19047
3037
13876
25909
8083
26121
3809
18657
16829
21826
2134
11871
9706
19459
5748
6173
27295
15701
13426
22412
4700
32067
4989
4399
18278
1421
7330
18162
3273
29345
18926
23740
158
19654
6868
19271
5002
29083
10190
30000
22919
12736
6471
21066
22503
30419
1465
25912
29846
1438
31507
12091
27295
12430
14173
5704
26609
3687
21662
29022
14436
2359
27646
12054
8695
22921
29736
19068
22107
16858
24306
541
7606
7761
14912
1377
7841
7338
22565
3099
26482
12404
16972
3167
7361
6012
31895
660
28965
649
23301
32713
19007
13897
28377
29261
14074
14476
20217
23673
6928
23984
16276
28113
13265
19036
32007
12876
23072
15730
11778
19439
9662
13886
16614
27296
21963
19188
14450
30266
8841
17241
11167
7901
23652
19392
31944
18312
31791
21560
3086
32489
2225
28676
26875
31347
30048
18763
18278
18354
24172
32017
15254
10203
17919
29542
426
18856
14020
2013
21559
21858
28582
5696
5684
32575
31962
16258
21523
5103
25119
31477
24625
13170
14916
18365
3696
11820
28651
4741
21282
14395
29582
9073
18730
26376
4799
10323
25437
11548
21684
12065
19759
18486
2
9383
16011
21914
11689
11129
18178
171
3409
24364
21544
32700
16083
22469
30523
21284
25851
370
11782
31376
21901
7288
13061
5278
2693
31085
6346
7335
14499
17831
13471
15067
12071
31732
7277
23188
25818
19851
15325
31460
22093
5955
17596
28016
6501
14083
32420
30594
18967
21882
14809
2393
13425
30736
26993
32708
24538
28444
10424
9199
24474
29783
12242
23932
3229
3473
31650
19157
3187
1954
11499
13249
18844
7588
25269
2614
16643
8287
5107
28015
18632
12805
11362
25405
13378
27168
28852
15266
31045
30152
28142
21148
15008
2073
30735
9279
23530
12004
31730
26374
639
24485
10357
8299
10181
20661
13019
26549
8372
29377
14959
19218
16021
7803
3946
2789
27913
19087
24855
8033
29006
24025
5941
15447
11966
29141
23197
18252
5272
6487
4389
29647
6403
32636
20675
31242
25936
29408
3574
7062
6016
12561
2401
27284
15622
1604
16569
1785
27342
5447
26338
17961
5757
23479
10069
30920
5371
18035
14533
17100
25135
27216
770
14807
5641
13583
23581
15813
10950
10892
8397
16256
30831
567
11281
27164
2467
14536
29207
25120
11671
27183
16989
3873
27483
1994
29974
9110
14943
16091
1999
22247
9269
9017
27986
1479
13208
29254
5323
11460
21678
544
27689
28956
2698
12572
25031
11219
7669
26992
10572
11010
10606
3375
18384
7538
9839
24187
11072
23657
24562
14326
20739
1988
28212
10617
16349
10310
8121
19721
22804
19504
29584
26630
17618
21010
2264
11430
32203
21984
10115
12194
16415
29768
18010
26159
24450
22595
12865
16432
18586
18155
15037
12970
12712
7564
1971
18040
15979
30205
31859
32576
6978
25905
19444
11941
21392
2057
8801
1982
26468
21100
2005
1735
25690
21658
24676
279
1468
27325
11610
29010
8173
2754
29639
21472
23304
9318
27707
10142
196
18324
24526
26323
24987
1262
22115
3173
5419
15530
31278
31053
6620
20383
21620
20040
6083
26271
18322
3535
19142
17416
27201
6730
22529
21398
10264
25729
4713
27771
19283
24147
29359
31154
21458
1450
18024
31888
16229
7086
23146
7580
10054
23609
9337
16288
22247
18827
12323
18688
16366
24640
21224
5963
28542
18303
27550
20752
26809
20851
12564
2547
2179
24575
21494
27903
22152
429
30704
24894
26496
23272
18454
23687
13490
12140
10884
22680
3254
8186
22337
7781
384
28752
22122
23471
30618
26968
10636
14039
15025
11168
9297
21749
15187
1546
14431
1573
23031
9413
14461
3105
25406
11387
22263
12053
8568
5580
25412
5294
10090
23804
2791
3444
14415
23016
8595
19547
28956
21567
13458
15508
5896
10222
28008
27049
12108
3548
1971
11721
17447
23768
24149
6753
31526
22224
21461
20204
24738
22083
6659
12811
3210
28664
7387
16600
1123
23793
5292
26743
32396
16539
890
7663
27335
8007
8608
10296
25589
6365
32185
20630
28449
15311
21441
27941
11200
1101
24440
31156
22839
23480
11783
13014
21918
11352
13030
26423
31172
23889
9213
29485
30323
19155
24842
6799
5877
3730
27202
13514
3286
11382
10811
24369
10476
30611
5897
10645
9621
17243
28328
28950
26176
13586
4762
23864
20527
18819
18128
13114
8315
25330
22478
29603
25432
29521
27659
30237
28826
5815
1174
30598
4472
12813
28927
20037
13200
27147
14965
14554
19756
1635
18988
31417
22212
5435
20226
15193
32196
25313
9825
23432
29838
6586
19559
13569
963
7804
5956
30784
16575
31901
16868
7317
3426
30476
2511
5752
17686
4382
25677
18460
15117
9163
3789
24647
28107
21274
32391
7008
5093
30682
29537
6858
26120
20883
12815
18032
19004
5308
10623
27809
17514
10542
1908
5151
20508
11481
113
13426
1925
3766
20184
18562
15297
22012
11603
28517
25182
27031
20595
3958
31770
27606
9111
12199
22766
32356
19728
31512
23884
633
15746
8936
11430
10577
20109
4683
23855
26846
13485
10460
6373
10426
18527
28469
20431
15199
27270
31165
24451
30618
2060
28098
21484
1597
204
23752
9546
14357
30128
27168
6010
30747
16918
28348
7800
11758
9337
3905
27682
9345
23117
30814
2879
18705
13098
13661
11199
22107
24365
21751
1092
16395
31900
20589
27874
29303
10440
26836
5923
14989
6200
28336
1871
27146
31235
10181
13034
3054
10878
18218
26749
15660
30999
11167
25754
32165
1409
22560
14362
3415
30738
23227
25513
10706
6505
5534
19589
16364
3411
7796
28290
26038
13552
10226
28498
12463
31761
10668
30467
15415
5605
14894
29129
29766
27861
20296
7934
30813
18860
22697
4455
10941
30203
26799
1209
16344
23996
24446
11355
25093
29749
19536
24430
15735
24607
30988
17931
2160
13064
21529
27595
23474
12278
11380
23437
28471
25933
29696
10355
3873
7666
31774
2094
23796
28081
24702
25212
12547
23772
5173
31214
12328
30517
17679
4591
27064
16910
2342
13826
4534
23983
2739
1611
11079
22008
9765
11601
14182
26184
11888
25346
15321
13469
19368
8440
13924
18428
10190
27642
20540
15891
24042
22214
26046
1053
24409
8717
13921
5894
17257
7616
20714
3791
13603
12170
4063
31029
29544
8862
14909
18317
5952
9394
7277
21491
5230
5195
11637
16803
10312
1084
5228
15527
10949
6249
8752
23731
30168
8145
4955
12109
22268
4044
11890
11568
16144
17552
4704
7923
9318
11002
18723
13542
19223
14220
29382
22077
26521
20146
7311
27504
20371
585
6265
10209
11503
18529
26852
5824
26417
3906
5260
28459
14088
21166
30392
29594
6179
5734
24500
24699
3398
27120
6528
11801
27293
22934
9418
10690
6736
28850
16922
10793
3927
12585
6989
25353
23184
9270
8516
7179
5647
26729
29149
20202
6837
24815
23074
28885
13316
27155
18625
27413
17969
14085
17597
1775
6779
15578
15458
20684
17852
20181
16510
13975
23870
20453
32718
25959
28111
7534
5815
10846
26904
5964
1846
23249
32042
26902
27930
1960
2650
30879
17009
8
11087
7619
18496
26416
857
1888
26487
24993
18180
29090
7715
7554
13038
4484
19686
14914
25813
22931
30884
21375
19188
31733
21632
13095
7568
19883
10247
28381
5838
28435
26026
29854
23751
23985
1394
19108
20958
21294
30703
1674
16210
5537
17778
16306
3599
7438
11644
228
458
12844
23157
32055
10828
27244
32161
3125
32526
9526
26449
12602
22791
28278
28502
12829
16066
27223
16827
274
14003
11854
25524
32207
5067
11099
1233
20974
28746
3468
28791
27795
19157
13506
13201
24910
31176
10935
19075
11843
26829
14912
27487
11656
21678
3024
16476
13774
31079
27454
9860
11844
26240
6856
17580
6584
28057
22359
3753
23807
24391
29189
2241
17560
2590
8924
24416
3468
12303
30944
9996
30104
26101
2896
22683
5774
4458
20522
23972
4345
30943
15341
16691
18944
6636
3746
22721
16525
14820
29213
31075
15790
25773
19841
3393
25659
19918
29186
7498
25529
18378
1263
8998
21118
17837
19183
14188
29462
6884
14475
28694
26854
27985
27628
818
8207
3487
29670
474
27797
10707
2102
16229
9409
3620
5896
14559
15043
26637
19389
4279
6556
16288
29418
29368
18747
6941
24484
29754
7654
195
13819
17562
30428
19174
16068
16871
20537
578
10396
17886
11289
12943
23081
16153
5888
27990
14755
27267
19322
28418
3475
16655
14590
6714
23259
28074
29208
15726
25591
24430
17864
22192
11650
19480
2085
18886
11260
14012
20037
15485
32458
20151
8545
3392
23678
15078
27957
6120
5209
9493
11686
15574
18702
6586
8103
24127
18633
4068
31069
18376
9840
11630
28033
13395
30761
7032
32263
26136
24348
32535
25085
1271
15482
27212
693
14092
14270
22835
21542
10117
31283
3965
3216
28592
17334
27168
32607
5720
15549
31053
8018
6482
10648
30371
27612
13651
25335
27554
19915
24581
14253
7266
10023
10329
7091
2693
6749
28958
18544
9322
19612
14803
12855
29859
10112
27065
30482
26026
24046
20781
10942
28111
14399
21813
9206
14197
27552
31065
12021
6526
184
15284
18742
29700
3468
30538
19070
17738
18080
16540
7964
2802
11103
28794
30575
17264
20925
20761
4266
9150
5403
8549
31444
21841
11371
25240
19
20557
27540
9228
4393
9717
13336
16717
23359
20325
22772
18035
27362
21635
31176
28335
75
24371
6455
28963
30947
3786
29329
4087
29190
8134
21167
7593
2311
15292
30751
27812
23669
1425
16002
23829
12957
13805
6449
31994
26960
23533
8487
28283
4839
5656
14875
2174
25731
22421
4844
25974
22938
3483
1346
21627
12463
14632
6259
24736
9568
20726
11171
25217
2982
32683
2864
20507
12377
4687
30029
16097
8946
11012
20972
19468
19605
3057
8674
24370
30799
3712
26949
31514
12444
6857
6425
4303
5676
13134
15404
2291
5094
26856
27455
30550
5166
19201
19558
11463
7011
10244
8626
6954
27564
12818
11020
16331
5621
23543
24420
2034
7220
604
16652
25528
2289
13629
20830
31512
8197
13726
26533
14665
3234
31610
28475
8779
12435
22525
20718
9921
30917
2035
2984
27134
23303
19071
16464
11874
24846
20496
13547
23527
25788
5521
4871
21751
24994
32736
25945
3457
32707
19330
6309
6219
15258
9365
990
7818
20319
31493
15247
30128
16775
26371
13433
18309
15498
12723
31101
121
5096
22053
30909
30776
6766
3719
11263
2176
11701
16793
8274
1583
6893
25697
8435
20641
16600
9247
2417
27448
4889
27779
784
21820
25263
7710
12651
5094
4029
2327
4702
8887
2188
31
5411
15886
14802
6054
11451
15354
21557
25935
24976
26445
2827
21410
9816
4338
12388
24066
29756
19328
21066
18654
29242
1294
15687
10795
11208
29514
2088
22033
6842
1477
3329
996
2149
21137
29553
16215
2565
12558
12327
31212
7260
30465
7589
20655
8860
3046
4676
23076
19591
18056
6009
4222
10197
18638
9814
11281
24790
19928
3412
522
30296
7754
25423
15198
25803
7912
11218
30720
3235
11620
4245
12887
22526
16243
21572
30447
25479
30758
25218
17519
11930
10104
8494
10187
5801
26660
26341
26810
8670
20409
15048
23147
23809
25839
16767
9331
20637
20540
31614
6155
20830
31395
14470
25976
12222
3789
25711
17866
2784
4186
4390
27849
19132
32121
25074
22317
1405
11958
15355
18701
21543
26900
24588
4250
23165
22108
20888
24845
1570
22452
12027
23006
18686
26227
24323
3639
21219
30516
14255
8360
3697
4906
566
18204
25911
7091
75
19212
3866
27695
22176
23026
28923
19986
169
14849
20116
29496
12706
14099
21411
27257
18131
23523
14411
17022
12051
19324
1207
20178
27531
20209
14336
17212
3516
27471
22097
6477
22212
5072
8777
29749
23516
19537
1440
30427
21542
20486
27918
16428
29606
4205
7016
434
30605
8320
14349
25705
18366
24623
7296
12239
20875
31757
9558
26427
32703
5450
2643
20847
29666
9697
464
7792
25784
29970
13151
8086
17931
12307
15794
17887
7594
31491
21433
23176
10674
3615
13579
9695
15372
13112
1415
30803
28471
14181
18491
18893
6216
9461
389
25411
6703
22951
17527
18058
32315
19742
12160
18539
30177
7055
7241
4346
10681
10429
1758
30243
31177
28455
28686
25734
4870
20351
16148
19077
32280
29791
26231
14746
2910
7736
20526
12782
16434
27531
21768
19496
10606
29019
17227
13699
14126
14306
14491
12836
1496
28547
21278
6570
14426
29184
32222
518
18355
25581
23663
3213
27573
2660
6609
2379
265
10491
7831
25755
4211
31731
29257
4853
23383
8882
19464
28422
4477
3699
5744
15878
5137
18749
27331
20038
27118
10513
18243
25608
18716
17256
1247
26772
22934
13533
20498
3976
5457
4390
10505
26224
27003
3912
12036
662
32000
17931
15102
16668
16467
3244
3472
19783
10859
21459
5139
24862
18188
2756
2309
29748
31303
25817
29613
19650
7492
4912
19202
9976
22591
18081
16330
26261
24017
3571
29183
1718
27505
25679
5494
15339
13114
1012
18883
31888
4847
20781
10583
25435
15420
29056
21483
8241
12862
25385
30754
27454
16454
10439
8297
11844
19930
23892
18210
22579
13309
17498
30211
3835
30641
10852
29880
13214
3513
10675
19152
27785
2979
10035
6358
10788
27142
7086
3262
22952
15369
32062
30084
14897
36
23816
14863
2068
28203
3367
14171
29298
26248
25319
18903
3853
26311
26932
1548
16475
10073
5970
25728
16857
18065
24526
25818
20130
9459
11188
27718
5696
22190
5634
25371
29634
20071
31581
21948
6926
9528
12803
7356
12409
9209
32257
20549
32405
29118
5542
2746
15946
2976
18999
16027
9513
27073
10468
9129
11772
30090
10235
32587
20386
13623
13404
19505
5658
20630
13101
1335
20957
21259
19406
6028
20849
20184
3599
16403
22843
17819
18593
22537
19861
31256
9163
21737
17184
3897
21598
32652
26971
6227
31467
9877
885
32427
819
20492
25440
24633
6111
11849
6951
19372
32370
23572
22657
32174
28539
9226
7846
872
16143
22339
21089
26185
26998
30513
19559
17667
22565
14027
26087
32215
29420
5867
13154
19987
20849
8693
25021
2777
8413
2746
27029
22305
4565
12956
3282
31489
25260
23282
21119
16429
22999
1454
29913
30650
17569
18749
30117
3367
20000
7086
19655
19101
16999
22807
25873
12918
4605
2356
23385
4605
10638
10322
13262
12660
29153
30571
31116
17756
3082
6035
31853
1264
7649
29842
8482
2547
17074
17107
30595
23979
29750
5245
2852
22318
32706
18911
8745
11996
23487
24849
24155
27437
29018
26840
29819
2733
11900
6859
28118
3908
29693
24756
10265
20155
13333
18745
1895
11388
21779
12220
3753
8345
11345
7039
21029
12304
9575
6668
30803
14926
27039
6356
15595
16369
7081
534
10819
1746
31632
8450
31960
16195
1773
4383
25898
3733
26971
15594
7118
8926
20778
12224
31678
13304
31832
16125
5875
5581
4540
20070
31030
16338
6789
13252
3379
28114
12259
32210
22479
15853
12548
8793
32187
28640
5442
22426
18249
10631
11931
7404
5759
25760
28769
13990
875
27089
3634
8511
4789
31981
1835
16308
14971
7795
29017
18730
10584
1623
6512
14805
966
15365
19136
19224
2983
28580
21348
14062
26142
30871
6333
19080
29603
7498
20511
3128
28247
2091
12233
30861
17044
3574
11291
6848
21961
10550
5379
1102
12165
20233
10169
26599
14545
291
26796
23431
1475
16661
22972
1507
23888
18639
24745
15110
29538
11364
29131
19516
2346
18702
21252
3887
26552
9586
2804
24656
26825
10021
20587
9336
480
16750
3620
3535
1432
334
20144
10222
3896
6845
9392
28480
19592
23351
25415
30638
6627
9591
15055
26235
9358
23171
3531
17260
1864
21480
4637
25901
5410
21319
4730
31984
18065
2832
25626
1367
31938
9358
25780
6292
3885
26404
5289
29135
22381
25814
8576
7623
12111
20490
29842
7869
5417
24208
6662
1934
27245
24033
5120
21023
125
23716
28182
29949
26561
3447
9476
31813
13560
18155
13984
10690
12491
17616
28176
24662
9640
3764
16442
24219
16333
10150
19580
3273
13219
27456
21917
25051
7758
15332
18180
9197
21634
26181
6696
2025
5016
24105
12360
29794
18657
14446
29788
27584
25402
1611
22859
24990
25312
30169
2142
32624
7046
23506
21493
7273
23717
2712
17017
27804
29716
6777
17809
11105
16088
1841
29081
17658
15421
18096
18768
17270
22310
15646
29136
726
22945
12829
25284
28783
16062
11086
26325
22927
22178
20502
101
3427
28887
15010
1664
22040
230
23080
3599
3393
28968
19056
29519
20345
6105
17556
6018
4937
622
3332
9957
10060
2856
716
31457
23440
27882
13338
27781
23104
18760
7162
11060
29568
21728
28005
27547
24729
7661
3962
742
16982
8473
12043
16948
24238
8339
2395
9800
24994
29026
21542
12161
9577
13049
26338
30220
17867
9483
2373
20056
715
4000
2823
4554
13960
29033
2281
24499
25189
26704
758
27263
5992
2132
10249
9519
15840
5268
31375
25865
75
20137
12942
19341
23926
20537
231
3244
9702
8905
6104
25909
26743
2515
7364
21904
4675
13081
26423
29870
17861
16696
12581
28480
11583
25728
7282
1831
19544
30211
12727
10028
5386
18668
15428
24306
17339
9747
10081
23336
18090
9678
16602
11779
13453
23561
1210
31724
5753
2713
22102
24694
2305
19917
19085
8082
30882
30534
26447
30470
32095
2825
31836
9243
6568
4819
31054
29078
24704
15277
25818
25066
18143
29119
22867
18860
9301
28265
10863
28231
9969
27792
6222
31985
15969
30518
13240
28126
16986
1614
22439
10163
22587
24014
23557
30525
23533
25349
26038
12131
20493
23599
30681
1369
6477
20039
10827
32023
2327
27932
10605
31242
31604
20903
25384
18441
3117
27292
1326
12426
10032
23359
12418
28694
30772
15481
1594
8186
32160
29739
29060
26688
17065
5826
21223
3549
1211
1804
28875
12588
18459
18506
20796
20635
8138
13958
24811
25509
11436
6438
2933
8704
6121
17346
10472
19223
3220
14643
25732
442
29835
1260
190
4116
31902
16014
7307
10206
9203
27574
24026
29395
23208
13337
9570
1892
29627
7124
12191
5548
28199
14333
18199
24742
22864
4478
27618
22430
22689
10787
5225
25573
2676
22513
27502
16073
22066
27322
12109
25540
26043
20462
5761
29428
19976
10420
23913
6091
11023
1593
24908
18440
13030
16456
27804
28390
1068
6684
6263
22675
13221
10610
26483
29155
23844
13282
32155
12358
15278
30318
6581
13816
3292
2908
13255
1655
17281
25153
25817
24378
19853
32351
31739
2208
28977
28464
25738
13095
1348
14147
16816
13534
2278
5447
25386
15133
24163
25446
30542
17523
11610
212
7756
30432
12318
31143
17076
9796
28764
24809
23352
7960
14078
4331
31156
2396
13136
17885
19307
30672
7521
18076
28307
30567
22445
4043
16661
13049
21496
13605
3214
32568
16253
27921
